7.000244259834289551e-01,1.897224066738090187e-08,0.000000000000000000e+00
7.000237107276916504e-01,1.728075993412403477e-08,4.801208153367042542e-02
7.000234723091125488e-01,1.711524078018555883e-08,9.604012221097946167e-02
7.000234723091125488e-01,1.714870023761250195e-08,1.440611034631729126e-01
7.000234127044677734e-01,1.703537932939980237e-08,1.920987069606781006e-01
7.000231146812438965e-01,1.702447072204904543e-08,2.401396930217742920e-01
7.000229954719543457e-01,1.702628971145259129e-08,2.881771922111511230e-01
7.000237107276916504e-01,1.689823037054338783e-08,3.362318873405456543e-01
7.000232934951782227e-01,1.699262952570279595e-08,3.842777907848358154e-01
7.000232934951782227e-01,1.689459061537945672e-08,4.323321878910064697e-01
7.000238895416259766e-01,1.689076967181790678e-08,4.803878068923950195e-01
7.000231742858886719e-01,1.690531981068943423e-08,5.284410119056701660e-01
7.000234127044677734e-01,1.680800920667024911e-08,5.765072107315063477e-01
7.000232934951782227e-01,1.688039930058948812e-08,6.245713233947753906e-01
7.000226974487304688e-01,1.681000938447141380e-08,6.726496815681457520e-01
7.000231742858886719e-01,1.682492012378133950e-08,7.207195162773132324e-01
7.000234723091125488e-01,1.683073946878721472e-08,7.687847018241882324e-01
7.000231742858886719e-01,1.673780047894979361e-08,8.168733119964599609e-01
7.000231742858886719e-01,1.682946937364704354e-08,8.649442195892333984e-01
7.000234723091125488e-01,1.674379923599644826e-08,9.130147099494934082e-01
7.000235915184020996e-01,1.676835026387379912e-08,9.610928297042846680e-01
7.000222802162170410e-01,1.676652949811341387e-08,1.009168982505798340e+00
7.000234127044677734e-01,1.669249982683140843e-08,1.057250976562500000e+00
7.000241875648498535e-01,1.677399019683889492e-08,1.105319976806640625e+00
7.000237107276916504e-01,1.668341020888419735e-08,1.153403043746948242e+00
7.000235915184020996e-01,1.671723914853373572e-08,1.201485991477966309e+00
7.000228166580200195e-01,1.670868954306570231e-08,1.249565005302429199e+00
7.000237703323364258e-01,1.666249005438658060e-08,1.297657012939453125e+00
7.000231742858886719e-01,1.671068972086686699e-08,1.345744967460632324e+00
7.000237703323364258e-01,1.665758020408247830e-08,1.393831968307495117e+00
7.000241279602050781e-01,1.670214011539883359e-08,1.441915035247802734e+00
7.000231146812438965e-01,1.666830939939245582e-08,1.490002989768981934e+00
7.000234127044677734e-01,1.664503024301211553e-08,1.538092970848083496e+00
7.000226974487304688e-01,1.666412963174934703e-08,1.586177945137023926e+00
7.000231742858886719e-01,1.659373083384707570e-08,1.634273052215576172e+00
7.000234127044677734e-01,1.668141003108303266e-08,1.682356953620910645e+00
7.000237703323364258e-01,1.660973936168375076e-08,1.730448961257934570e+00
7.000231146812438965e-01,1.661920023821039649e-08,1.778538942337036133e+00
7.000237703323364258e-01,1.665084958801799075e-08,1.826639056205749512e+00
7.000226974487304688e-01,1.655280001955361513e-08,1.874747037887573242e+00
7.000235915184020996e-01,1.664830051595345140e-08,1.922832012176513672e+00
7.000231742858886719e-01,1.658063020215649885e-08,1.970939040184020996e+00
7.000228166580200195e-01,1.657972070745472593e-08,2.019036054611206055e+00
7.000228762626647949e-01,1.663702065002325980e-08,2.067128896713256836e+00
7.000226974487304688e-01,1.652079006930762262e-08,2.115232944488525391e+00
7.000231742858886719e-01,1.662846926819838700e-08,2.163285017013549805e+00
7.000234127044677734e-01,1.654371040160640405e-08,2.211388111114501953e+00
7.000237703323364258e-01,1.654515990878735465e-08,2.259466886520385742e+00
7.000234127044677734e-01,1.660919046742037608e-08,2.307563066482543945e+00
7.000232934951782227e-01,1.650714942513786809e-08,2.355675935745239258e+00
7.000234723091125488e-01,1.658045079011571943e-08,2.403759956359863281e+00
7.000234127044677734e-01,1.654461989630817698e-08,2.451862096786499023e+00
7.000234723091125488e-01,1.654061954070584761e-08,2.499965906143188477e+00
7.000241875648498535e-01,1.657718051717438357e-08,2.548023939132690430e+00
7.000237107276916504e-01,1.647967984297338262e-08,2.596116065979003906e+00
7.000237107276916504e-01,1.659100057338491752e-08,2.644190073013305664e+00
7.000234127044677734e-01,1.650878012071643752e-08,2.692276000976562500e+00
7.000231146812438965e-01,1.653043035787504778e-08,2.740339040756225586e+00
7.000228762626647949e-01,1.653424952507975831e-08,2.788398981094360352e+00
7.000241279602050781e-01,1.646349012673908874e-08,2.836425065994262695e+00
7.000238895416259766e-01,1.654916914617388102e-08,2.884505033493041992e+00
7.000241279602050781e-01,1.648004044341178087e-08,2.932581901550292969e+00
7.000234723091125488e-01,1.650406034059415106e-08,2.980664014816284180e+00
7.000237703323364258e-01,1.651951997416745144e-08,3.028744935989379883e+00
7.000232934951782227e-01,1.645057956523032772e-08,3.076803922653198242e+00
7.000238895416259766e-01,1.653934056378147943e-08,3.124874114990234375e+00
7.000237703323364258e-01,1.647440939223088208e-08,3.172918081283569336e+00
7.000225782394409180e-01,1.648768055417804135e-08,3.220972061157226562e+00
7.000241279602050781e-01,1.648514036389769899e-08,3.269041061401367188e+00
7.000237703323364258e-01,1.643365976633504033e-08,3.317092895507812500e+00
7.000228762626647949e-01,1.650968961541821045e-08,3.365159988403320312e+00
7.000234127044677734e-01,1.644711922210717603e-08,3.413211107254028320e+00
7.000231146812438965e-01,1.647186032016634272e-08,3.461262941360473633e+00
7.000231742858886719e-01,1.647167913176872389e-08,3.509310007095336914e+00
7.000231742858886719e-01,1.644185054772151489e-08,3.557364940643310547e+00
7.000237703323364258e-01,1.648204062121294555e-08,3.605412960052490234e+00
7.000241279602050781e-01,1.642366065368605632e-08,3.653476953506469727e+00
7.000226974487304688e-01,1.648495917550008016e-08,3.701550006866455078e+00
7.000234127044677734e-01,1.644220937180307374e-08,3.749603033065795898e+00
7.000235915184020996e-01,1.642293057102506282e-08,3.797663927078247070e+00
7.000228166580200195e-01,1.647967984297338262e-08,3.845721960067749023e+00
7.000231742858886719e-01,1.640746916109492304e-08,3.893767118453979492e+00
7.000234723091125488e-01,1.647040015484435571e-08,3.941838979721069336e+00
7.000234127044677734e-01,1.641837954480251938e-08,3.989871025085449219e+00
7.000228762626647949e-01,1.641456037759780884e-08,4.037926197052001953e+00
7.000247240066528320e-01,1.645457992083265708e-08,4.085974216461181641e+00
7.000237107276916504e-01,1.636236035551519308e-08,4.134017944335937500e+00
7.000241279602050781e-01,1.645221026080889715e-08,4.182085990905761719e+00
7.000244259834289551e-01,1.640328051166761725e-08,4.230119228363037109e+00
7.000234723091125488e-01,1.639527980046295852e-08,4.278171062469482422e+00
7.000237107276916504e-01,1.644603031536462368e-08,4.326218128204345703e+00
7.000237703323364258e-01,1.636871971300024597e-08,4.374232769012451172e+00
7.000228762626647949e-01,1.644530023270363017e-08,4.422310829162597656e+00
7.000228762626647949e-01,1.639910074402450846e-08,4.470345020294189453e+00
7.000228166580200195e-01,1.638908919687764865e-08,4.518401145935058594e+00
7.000243067741394043e-01,1.644330005490246549e-08,4.566452026367187500e+00
7.000240087509155273e-01,1.634306912023930636e-08,4.614480972290039062e+00
7.000237107276916504e-01,1.643383917837581976e-08,4.662556171417236328e+00
7.000237107276916504e-01,1.635926061283043964e-08,4.710597991943359375e+00
7.000237703323364258e-01,1.637891067218788521e-08,4.758658885955810547e+00
7.000228762626647949e-01,1.643912028725935670e-08,4.806718826293945312e+00
7.000234723091125488e-01,1.631978996385896608e-08,4.854731082916259766e+00
7.000243067741394043e-01,1.643492986147521151e-08,4.902812957763671875e+00
7.000235915184020996e-01,1.636199087329259783e-08,4.950850963592529297e+00
7.000228762626647949e-01,1.635926061283043964e-08,4.998888015747070312e+00
7.000243067741394043e-01,1.642438007820601342e-08,5.046963214874267578e+00
7.000241875648498535e-01,1.631651969091763021e-08,5.094964981079101562e+00
7.000241279602050781e-01,1.641564928434036119e-08,5.143043994903564453e+00
7.000237107276916504e-01,1.634943913586539566e-08,5.191088199615478516e+00
7.000237703323364258e-01,1.636180968489497900e-08,5.239150047302246094e+00
7.000247240066528320e-01,1.639654989560312970e-08,5.287231922149658203e+00
7.000234723091125488e-01,1.631324053619209735e-08,5.335236072540283203e+00
7.000241875648498535e-01,1.638382052249198750e-08,5.383295059204101562e+00
7.000237703323364258e-01,1.632779067506362480e-08,5.431338787078857422e+00
7.000244259834289551e-01,1.634925972382461623e-08,5.479382038116455078e+00
7.000241279602050781e-01,1.639146063325824798e-08,5.527459144592285156e+00
7.000250816345214844e-01,1.629796031465957640e-08,5.575463771820068359e+00
7.000246047973632812e-01,1.639710056622334378e-08,5.623517036437988281e+00
7.000247836112976074e-01,1.634198021349675400e-08,5.671563148498535156e+00
7.000241279602050781e-01,1.632615997948505537e-08,5.719585895538330078e+00
7.000241279602050781e-01,1.638528068781397451e-08,5.767667770385742188e+00
7.000244855880737305e-01,1.629049961593409535e-08,5.815673828125000000e+00
7.000241279602050781e-01,1.638528068781397451e-08,5.863730907440185547e+00
7.000244259834289551e-01,1.633124924182993709e-08,5.911786079406738281e+00
7.000243067741394043e-01,1.635125990162578091e-08,5.959813117980957031e+00
7.000252008438110352e-01,1.635799051769026846e-08,6.007901191711425781e+00
7.000238895416259766e-01,1.627267920412123203e-08,6.055932998657226562e+00
7.000244259834289551e-01,1.635216939632755384e-08,6.103973865509033203e+00
7.000235915184020996e-01,1.632542989682406187e-08,6.152040004730224609e+00
7.000247240066528320e-01,1.634488988599969161e-08,6.200069904327392578e+00
7.000241875648498535e-01,1.633289059554954292e-08,6.248136043548583984e+00
7.000237107276916504e-01,1.625176082598045468e-08,6.296173095703125000e+00
7.000244259834289551e-01,1.634725954602345155e-08,6.344213008880615234e+00
7.000231146812438965e-01,1.632034063447918015e-08,6.392281055450439453e+00
7.000234127044677734e-01,1.632469981416306837e-08,6.440306186676025391e+00
7.000247836112976074e-01,1.632779067506362480e-08,6.488369941711425781e+00
7.000234127044677734e-01,1.624247936149458837e-08,6.536404132843017578e+00
7.000237107276916504e-01,1.638091084998904989e-08,6.584440231323242188e+00
7.000235915184020996e-01,1.628687051891120063e-08,6.632513046264648438e+00
7.000241279602050781e-01,1.630706059074782388e-08,6.680540084838867188e+00
7.000237703323364258e-01,1.634344037881874101e-08,6.728610992431640625e+00
7.000228166580200195e-01,1.625321921494560229e-08,6.776645183563232422e+00
7.000234723091125488e-01,1.633870994055541814e-08,6.824690818786621094e+00
7.000225186347961426e-01,1.627613954724438372e-08,6.872743129730224609e+00
7.000231146812438965e-01,1.631723911543758732e-08,6.920791149139404297e+00
7.000237107276916504e-01,1.631124035839093267e-08,6.968846797943115234e+00
7.000252008438110352e-01,1.626722045955375506e-08,7.016907215118408203e+00
7.000234723091125488e-01,1.633616086849087878e-08,7.064957141876220703e+00
7.000241875648498535e-01,1.625357981538400054e-08,7.113012790679931641e+00
7.000237703323364258e-01,1.628377077622644720e-08,7.161044120788574219e+00
7.000237107276916504e-01,1.630487922454904037e-08,7.209094047546386719e+00
7.000237703323364258e-01,1.626266943333121162e-08,7.257149219512939453e+00
7.000237107276916504e-01,1.632579049726246012e-08,7.305193901062011719e+00
7.000234127044677734e-01,1.624376011477579596e-08,7.353228092193603516e+00
7.000237107276916504e-01,1.629268986391707585e-08,7.401276111602783203e+00
7.000234723091125488e-01,1.628285950516783487e-08,7.449306011199951172e+00
7.000253200531005859e-01,1.626339951599220512e-08,7.497362136840820312e+00
7.000232934951782227e-01,1.630814949749037623e-08,7.545407772064208984e+00
7.000237107276916504e-01,1.624684919931951299e-08,7.593448162078857422e+00
7.000234723091125488e-01,1.629705081995780347e-08,7.641499042510986328e+00
7.000237703323364258e-01,1.626795054221474857e-08,7.689533233642578125e+00
7.000237107276916504e-01,1.624503020991596713e-08,7.737588882446289062e+00
7.000228166580200195e-01,1.629432944127984229e-08,7.785637855529785156e+00
7.000228762626647949e-01,1.623556933338932140e-08,7.833673000335693359e+00
7.000234723091125488e-01,1.629413937109802646e-08,7.881759166717529297e+00
7.000240087509155273e-01,1.626830936629630742e-08,7.929789066314697266e+00
7.000243067741394043e-01,1.625904033630831691e-08,7.977838039398193359e+00
7.000244259834289551e-01,1.630760060322700156e-08,8.025892257690429688e+00
7.000234723091125488e-01,1.621302025966997462e-08,8.073916435241699219e+00
7.000234723091125488e-01,1.630015056264255691e-08,8.121994018554687500e+00
7.000241875648498535e-01,1.622884049368167325e-08,8.170040130615234375e+00
7.000238895416259766e-01,1.624811929445968417e-08,8.218093872070312500e+00
7.000238895416259766e-01,1.630614931968921155e-08,8.266143798828125000e+00
7.000234723091125488e-01,1.619281952969231497e-08,8.314165115356445312e+00
7.000231146812438965e-01,1.629977930406312225e-08,8.362236022949218750e+00
7.000234723091125488e-01,1.622865930528405443e-08,8.410271644592285156e+00
7.000232934951782227e-01,1.623284084928400262e-08,8.458331108093261719e+00
7.000257968902587891e-01,1.629378054701646761e-08,8.506386756896972656e+00
7.000231146812438965e-01,1.618372991174510389e-08,8.554409027099609375e+00
7.000238895416259766e-01,1.628268009312705544e-08,8.602482795715332031e+00
7.000237703323364258e-01,1.624029977165264427e-08,8.650520324707031250e+00
7.000231742858886719e-01,1.622938938794504793e-08,8.698556900024414062e+00
7.000234127044677734e-01,1.627103962675846560e-08,8.746633529663085938e+00
7.000237703323364258e-01,1.619554979015447316e-08,8.794652938842773438e+00
7.000238895416259766e-01,1.630196067026190576e-08,8.842723846435546875e+00
7.000238895416259766e-01,1.622919931776323210e-08,8.890763282775878906e+00
7.000232934951782227e-01,1.623302914310897904e-08,8.938802719116210938e+00
7.000244855880737305e-01,1.627705081830299605e-08,8.986875534057617188e+00
7.000241875648498535e-01,1.616536060566886590e-08,9.034909248352050781e+00
7.000232934951782227e-01,1.626722045955375506e-08,9.082989692687988281e+00
7.000241875648498535e-01,1.620520073686293472e-08,9.131033897399902344e+00
7.000237107276916504e-01,1.622411005541835038e-08,9.179068565368652344e+00
7.000237107276916504e-01,1.626830936629630742e-08,9.227141380310058594e+00
7.000234127044677734e-01,1.617044986801374762e-08,9.275165557861328125e+00
7.000240087509155273e-01,1.625540058114438580e-08,9.323218345642089844e+00
7.000237107276916504e-01,1.621356027214915230e-08,9.371285438537597656e+00
7.000231742858886719e-01,1.621592993217291223e-08,9.419321060180664062e+00
7.000234127044677734e-01,1.625704015850715223e-08,9.467371940612792969e+00
7.000237107276916504e-01,1.617718048407823517e-08,9.515396118164062500e+00
7.000234723091125488e-01,1.625430989804499404e-08,9.563447952270507812e+00
7.000237703323364258e-01,1.620355938314332889e-08,9.611488342285156250e+00
7.000234723091125488e-01,1.622174927717878745e-08,9.659523010253906250e+00
7.000229954719543457e-01,1.624940004774089175e-08,9.707603454589843750e+00
7.000237703323364258e-01,1.616681011284981651e-08,9.755626678466796875e+00
7.000235915184020996e-01,1.625502932256495114e-08,9.803682327270507812e+00
7.000234723091125488e-01,1.620501066668111889e-08,9.851698875427246094e+00
7.000238895416259766e-01,1.620701084448228357e-08,9.899737358093261719e+00
7.000237703323364258e-01,1.623538992134854198e-08,9.947793960571289062e+00
7.000237703323364258e-01,1.615516964648122666e-08,9.995819091796875000e+00
7.000234127044677734e-01,1.626576917601596506e-08,1.004386997222900391e+01
7.000234127044677734e-01,1.619192069313157845e-08,1.009193038940429688e+01
7.000235915184020996e-01,1.620701084448228357e-08,1.013998031616210938e+01
7.000237107276916504e-01,1.622357004293917271e-08,1.018805027008056641e+01
7.000234723091125488e-01,1.615426015177945374e-08,1.023608016967773438e+01
7.000232934951782227e-01,1.625230972024382936e-08,1.028413009643554688e+01
7.000234127044677734e-01,1.618355049970432447e-08,1.033218002319335938e+01
7.000231146812438965e-01,1.621429035481014580e-08,1.038022994995117188e+01
7.000240087509155273e-01,1.622120038291541277e-08,1.042829036712646484e+01
7.000226974487304688e-01,1.616371925194926007e-08,1.047634029388427734e+01
7.000222802162170410e-01,1.624047918369342369e-08,1.052439022064208984e+01
7.000228762626647949e-01,1.617664047159905749e-08,1.057242965698242188e+01
7.000234127044677734e-01,1.620865042184505000e-08,1.062047004699707031e+01
7.000231146812438965e-01,1.620082912268117070e-08,1.066851043701171875e+01
7.000232934951782227e-01,1.615734923632317077e-08,1.071654033660888672e+01
7.000232934951782227e-01,1.623612000400953548e-08,1.076459026336669922e+01
7.000235915184020996e-01,1.616336042786770122e-08,1.081262016296386719e+01
7.000226974487304688e-01,1.619683054343568074e-08,1.086065959930419922e+01
7.000232934951782227e-01,1.620264988844155596e-08,1.090869998931884766e+01
7.000231146812438965e-01,1.614044009556891979e-08,1.095674991607666016e+01
7.000221014022827148e-01,1.624047918369342369e-08,1.100481033325195312e+01
7.000228166580200195e-01,1.615389955134105548e-08,1.105286026000976562e+01
7.000225782394409180e-01,1.621229017700898112e-08,1.110091018676757812e+01
7.000229954719543457e-01,1.619956080389783892e-08,1.114894962310791016e+01
7.000231742858886719e-01,1.616118083802575711e-08,1.119701957702636719e+01
7.000234127044677734e-01,1.620264988844155596e-08,1.124508953094482422e+01
7.000231742858886719e-01,1.615372013930027606e-08,1.129314994812011719e+01
7.000225186347961426e-01,1.621211076496820169e-08,1.134119033813476562e+01
7.000226974487304688e-01,1.617354072891430405e-08,1.138924026489257812e+01
7.000222802162170410e-01,1.616480993504865182e-08,1.143723964691162109e+01
7.000228166580200195e-01,1.621664935669286933e-08,1.148530960083007812e+01
7.000222206115722656e-01,1.613189049010088638e-08,1.153334045410156250e+01
7.000225186347961426e-01,1.619756062609667424e-08,1.158137989044189453e+01
7.000228762626647949e-01,1.616771960755158943e-08,1.162942981719970703e+01
7.000232934951782227e-01,1.614916911307773262e-08,1.167745971679687500e+01
7.000228762626647949e-01,1.620136913516034838e-08,1.172552967071533203e+01
7.000228166580200195e-01,1.612460920341618476e-08,1.177355957031250000e+01
7.000237107276916504e-01,1.621464917889170465e-08,1.182161998748779297e+01
7.000234127044677734e-01,1.616717959507241176e-08,1.186966991424560547e+01
7.000237107276916504e-01,1.615335065707768081e-08,1.191771984100341797e+01
7.000232934951782227e-01,1.621920020511424809e-08,1.196578025817871094e+01
7.000231742858886719e-01,1.612425037933462590e-08,1.201381015777587891e+01
7.000228166580200195e-01,1.620828982140665175e-08,1.206184959411621094e+01
7.000235915184020996e-01,1.614881028899617377e-08,1.210991954803466797e+01
7.000225782394409180e-01,1.616353983990848064e-08,1.215793991088867188e+01
7.000228762626647949e-01,1.620900924592660886e-08,1.220600032806396484e+01
7.000229954719543457e-01,1.611243050092525664e-08,1.225405025482177734e+01
7.000234127044677734e-01,1.619901013327762485e-08,1.230210018157958984e+01
7.000232934951782227e-01,1.614390043869207148e-08,1.235015010833740234e+01
7.000234127044677734e-01,1.614552935791380150e-08,1.239818954467773438e+01
7.000232934951782227e-01,1.619645928485624609e-08,1.244624996185302734e+01
7.000234127044677734e-01,1.609769029187191336e-08,1.249427986145019531e+01
7.000231146812438965e-01,1.620209921782134188e-08,1.254234981536865234e+01
7.000231742858886719e-01,1.613480016260382399e-08,1.259039020538330078e+01
7.000237107276916504e-01,1.613934941246952803e-08,1.263844966888427734e+01
7.000225782394409180e-01,1.620647083200310590e-08,1.268651008605957031e+01
7.000231146812438965e-01,1.608441024814055709e-08,1.273453998565673828e+01
7.000228762626647949e-01,1.620755973874565825e-08,1.278258037567138672e+01
7.000232934951782227e-01,1.614771072411258501e-08,1.283063983917236328e+01
7.000234723091125488e-01,1.614117017822991329e-08,1.287868022918701172e+01
7.000235915184020996e-01,1.619192069313157845e-08,1.292671012878417969e+01
7.000228762626647949e-01,1.610096944659744622e-08,1.297474002838134766e+01
7.000234723091125488e-01,1.618555067750548915e-08,1.302278041839599609e+01
7.000231742858886719e-01,1.612660938121734944e-08,1.307081985473632812e+01
7.000228762626647949e-01,1.614171019070909097e-08,1.311886024475097656e+01
7.000228762626647949e-01,1.618228040456415329e-08,1.316689014434814453e+01
7.000234723091125488e-01,1.608277955256198766e-08,1.321492958068847656e+01
7.000231742858886719e-01,1.619081935189115029e-08,1.326296997070312500e+01
7.000238895416259766e-01,1.612460920341618476e-08,1.331103038787841797e+01
7.000231742858886719e-01,1.612806954653933644e-08,1.335908985137939453e+01
7.000229954719543457e-01,1.617918066187939985e-08,1.340713977813720703e+01
7.000234127044677734e-01,1.607931920943883597e-08,1.345518016815185547e+01
7.000253200531005859e-01,1.619137002251136437e-08,1.350325012207031250e+01
7.000234127044677734e-01,1.613079980700149463e-08,1.355130004882812500e+01
7.000232934951782227e-01,1.613589084570321575e-08,1.359934997558593750e+01
7.000228166580200195e-01,1.617826939082078752e-08,1.364737987518310547e+01
7.000237107276916504e-01,1.609186917050919874e-08,1.369540977478027344e+01
7.000241279602050781e-01,1.618245981660493271e-08,1.374347972869873047e+01
7.000234127044677734e-01,1.611461009076720075e-08,1.379148960113525391e+01
7.000241875648498535e-01,1.614844080677357852e-08,1.383953952789306641e+01
7.000244259834289551e-01,1.616536060566886590e-08,1.388757991790771484e+01
7.000241875648498535e-01,1.607059019193002314e-08,1.393562030792236328e+01
7.000253200531005859e-01,1.617408962317767873e-08,1.398367977142333984e+01
7.000238895416259766e-01,1.612169953091324714e-08,1.403168010711669922e+01
7.000234723091125488e-01,1.612515987403639883e-08,1.407973003387451172e+01
7.000238895416259766e-01,1.615972067270377011e-08,1.412775039672851562e+01
7.000237703323364258e-01,1.607896038535727712e-08,1.417578983306884766e+01
7.000237703323364258e-01,1.617373079909611988e-08,1.422385978698730469e+01
7.000252008438110352e-01,1.611807043389035243e-08,1.427186965942382812e+01
7.000247836112976074e-01,1.612679945139916526e-08,1.431991004943847656e+01
7.000234723091125488e-01,1.614862021881435794e-08,1.436793994903564453e+01
7.000241875648498535e-01,1.607877919695965829e-08,1.441596984863281250e+01
7.000244259834289551e-01,1.616353983990848064e-08,1.446403026580810547e+01
7.000265717506408691e-01,1.610660937956254202e-08,1.451208019256591797e+01
7.000225782394409180e-01,1.613589084570321575e-08,1.456013965606689453e+01
7.000237703323364258e-01,1.614390043869207148e-08,1.460816955566406250e+01
7.000247240066528320e-01,1.608423083609977766e-08,1.465622043609619141e+01
7.000241875648498535e-01,1.618428058236531797e-08,1.470429039001464844e+01
7.000244259834289551e-01,1.609659960877252161e-08,1.475232982635498047e+01
7.000231742858886719e-01,1.612115951843406947e-08,1.480037975311279297e+01
7.000238895416259766e-01,1.613826050572697568e-08,1.484842967987060547e+01
7.000241875648498535e-01,1.607696020755611244e-08,1.489645004272460938e+01
7.000238895416259766e-01,1.616409051052869472e-08,1.494451045989990234e+01
7.000247240066528320e-01,1.608514033080155059e-08,1.499252986907958984e+01
7.000238895416259766e-01,1.613006972434050112e-08,1.504057025909423828e+01
7.000244259834289551e-01,1.613170930170326756e-08,1.508862972259521484e+01
7.000247836112976074e-01,1.608131938724000065e-08,1.513665008544921875e+01
7.000238895416259766e-01,1.615116929087889730e-08,1.518470954895019531e+01
7.000241875648498535e-01,1.608914068640387995e-08,1.523274993896484375e+01
7.000235915184020996e-01,1.612789013449855702e-08,1.528081035614013672e+01
7.000240087509155273e-01,1.611734035122935893e-08,1.532886028289794922e+01
7.000237107276916504e-01,1.608750999082531052e-08,1.537689971923828125e+01
7.000238895416259766e-01,1.613934941246952803e-08,1.542494010925292969e+01
7.000253200531005859e-01,1.608677990816431702e-08,1.547297954559326172e+01
7.000252008438110352e-01,1.613971001290792628e-08,1.552101039886474609e+01
7.000243067741394043e-01,1.611807043389035243e-08,1.556906032562255859e+01
7.000244855880737305e-01,1.609313926564936992e-08,1.561709022521972656e+01
7.000243067741394043e-01,1.614280087380848272e-08,1.566516017913818359e+01
7.000234127044677734e-01,1.607623012489511893e-08,1.571317958831787109e+01
7.000244259834289551e-01,1.614407985073285090e-08,1.576121044158935547e+01
7.000237703323364258e-01,1.610115063499506505e-08,1.580928039550781250e+01
7.000237107276916504e-01,1.607332045239218132e-08,1.585729980468750000e+01
7.000238895416259766e-01,1.614698952323578851e-08,1.590536975860595703e+01
7.000238895416259766e-01,1.607240918133356899e-08,1.595341014862060547e+01
7.000259757041931152e-01,1.614080069600731804e-08,1.600144004821777344e+01
7.000237107276916504e-01,1.609515010159157100e-08,1.604949951171875000e+01
7.000250816345214844e-01,1.607931920943883597e-08,1.609750938415527344e+01
7.000240087509155273e-01,1.612096944825225364e-08,1.614554023742675781e+01
7.000237107276916504e-01,1.604857935433301463e-08,1.619358062744140625e+01
7.000235915184020996e-01,1.613971001290792628e-08,1.624160957336425781e+01
7.000247836112976074e-01,1.608768940286608995e-08,1.628965950012207031e+01
7.000244259834289551e-01,1.608387023566137941e-08,1.633768081665039062e+01
7.000244259834289551e-01,1.614153077866831154e-08,1.638574981689453125e+01
7.000238895416259766e-01,1.605094013257257757e-08,1.643379020690917969e+01
7.000231146812438965e-01,1.613680034040498867e-08,1.648181915283203125e+01
7.000250816345214844e-01,1.609569011407074868e-08,1.652986907958984375e+01
7.000250220298767090e-01,1.610350963687778858e-08,1.657788085937500000e+01
7.000243067741394043e-01,1.612625055713579059e-08,1.662590026855468750e+01
7.000238895416259766e-01,1.604385069242653117e-08,1.667394065856933594e+01
7.000241279602050781e-01,1.613497957464460342e-08,1.672195053100585938e+01
7.000244855880737305e-01,1.607586064267252368e-08,1.676997947692871094e+01
7.000253200531005859e-01,1.610733058043933852e-08,1.681798934936523438e+01
7.000244259834289551e-01,1.613116040743989288e-08,1.686603927612304688e+01
7.000237703323364258e-01,1.605167021523357107e-08,1.691407966613769531e+01
7.000231742858886719e-01,1.614153077866831154e-08,1.696211051940917969e+01
7.000234723091125488e-01,1.607186028707019432e-08,1.701016998291015625e+01
7.000238895416259766e-01,1.607623012489511893e-08,1.705822944641113281e+01
7.000235915184020996e-01,1.613570965730559692e-08,1.710627937316894531e+01
7.000231742858886719e-01,1.602166044278874324e-08,1.715434074401855469e+01
7.000231742858886719e-01,1.612533928607717826e-08,1.720237922668457031e+01
7.000238895416259766e-01,1.606986010926902964e-08,1.725041961669921875e+01
7.000225782394409180e-01,1.606368016382475616e-08,1.729845046997070312e+01
7.000234723091125488e-01,1.612806954653933644e-08,1.734649085998535156e+01
7.000234723091125488e-01,1.603294030871893483e-08,1.739452934265136719e+01
7.000231146812438965e-01,1.612698063979678409e-08,1.744256019592285156e+01
7.000231742858886719e-01,1.607440935913473368e-08,1.749062919616699219e+01
7.000238895416259766e-01,1.607750022003529011e-08,1.753866004943847656e+01
7.000237703323364258e-01,1.612479927359800058e-08,1.758666992187500000e+01
7.000234723091125488e-01,1.601875077028580563e-08,1.763471031188964844e+01
7.000231742858886719e-01,1.613133981948067230e-08,1.768273925781250000e+01
7.000241279602050781e-01,1.606695043676609203e-08,1.773077964782714844e+01
7.000226974487304688e-01,1.607494937161391135e-08,1.777882957458496094e+01
7.000237703323364258e-01,1.613770983510676160e-08,1.782685089111328125e+01
7.000234723091125488e-01,1.602110977216852916e-08,1.787487030029296875e+01
7.000240087509155273e-01,1.614571054631142033e-08,1.792289924621582031e+01
7.000237107276916504e-01,1.607405053505317483e-08,1.797090911865234375e+01
7.000235915184020996e-01,1.607349986443296075e-08,1.801897048950195312e+01
7.000241875648498535e-01,1.612970912390210287e-08,1.806701087951660156e+01
7.000235915184020996e-01,1.600328936035566585e-08,1.811507034301757812e+01
7.000244259834289551e-01,1.612442979137540533e-08,1.816312026977539062e+01
7.000244259834289551e-01,1.606404076426315441e-08,1.821116065979003906e+01
7.000243067741394043e-01,1.605586064101771626e-08,1.825922012329101562e+01
7.000244259834289551e-01,1.610897015780210495e-08,1.830724906921386719e+01
7.000247240066528320e-01,1.603021004825677664e-08,1.835531044006347656e+01
7.000252008438110352e-01,1.611661026856836543e-08,1.840337944030761719e+01
7.000225186347961426e-01,1.606021982070160448e-08,1.845140075683593750e+01
7.000231742858886719e-01,1.606876942616963788e-08,1.849946975708007812e+01
7.000237107276916504e-01,1.611370059606542782e-08,1.854747962951660156e+01
7.000240087509155273e-01,1.602002086542597681e-08,1.859550094604492188e+01
7.000231742858886719e-01,1.612406919093700708e-08,1.864356040954589844e+01
7.000237703323364258e-01,1.605548938243828161e-08,1.869154930114746094e+01
7.000237703323364258e-01,1.606695043676609203e-08,1.873958969116210938e+01
7.000238895416259766e-01,1.612606936873817176e-08,1.878759956359863281e+01
7.000241279602050781e-01,1.602074917173013091e-08,1.883563041687011719e+01
7.000237703323364258e-01,1.612042943577307597e-08,1.888368034362792969e+01
7.000241279602050781e-01,1.605658006553767336e-08,1.893168067932128906e+01
7.000229954719543457e-01,1.606312949320454209e-08,1.897973060607910156e+01
7.000237703323364258e-01,1.611643085652758600e-08,1.902778053283691406e+01
7.000238895416259766e-01,1.602566079839107260e-08,1.907579994201660156e+01
7.000238895416259766e-01,1.611041966498305555e-08,1.912387084960937500e+01
7.000234723091125488e-01,1.605530997039750218e-08,1.917186927795410156e+01
7.000228166580200195e-01,1.606312949320454209e-08,1.921993064880371094e+01
7.000231146812438965e-01,1.607713961959689186e-08,1.926795959472656250e+01
7.000237107276916504e-01,1.600892929332076164e-08,1.931598091125488281e+01
7.000226974487304688e-01,1.611224043074344081e-08,1.936407089233398438e+01
7.000232934951782227e-01,1.603856958354299422e-08,1.941208076477050781e+01
7.000231742858886719e-01,1.606859001412885846e-08,1.946014022827148438e+01
7.000260949134826660e-01,1.608369082362059999e-08,1.950816917419433594e+01
7.000231742858886719e-01,1.599874011048996181e-08,1.955619049072265625e+01
7.000231146812438965e-01,1.610350963687778858e-08,1.960427093505859375e+01
7.000234723091125488e-01,1.604403010446731059e-08,1.965226936340332031e+01
7.000231742858886719e-01,1.605222088585378515e-08,1.970030021667480469e+01
7.000231146812438965e-01,1.607240918133356899e-08,1.974834060668945312e+01
7.000237703323364258e-01,1.601402033202248276e-08,1.979635047912597656e+01
7.000228762626647949e-01,1.610841948718189087e-08,1.984443092346191406e+01
7.000238895416259766e-01,1.605240029789456457e-08,1.989242935180664062e+01
7.000228762626647949e-01,1.606094990336259798e-08,1.994049072265625000e+01
7.000243067741394043e-01,1.608058930457900715e-08,1.998852920532226562e+01
7.000237107276916504e-01,1.601129007156032458e-08,2.003652954101562500e+01
7.000243067741394043e-01,1.610533040263817384e-08,2.008459091186523438e+01
7.000231146812438965e-01,1.604784927167202113e-08,2.013258934020996094e+01
7.000231742858886719e-01,1.606350075178397674e-08,2.018062019348144531e+01
7.000231146812438965e-01,1.607623012489511893e-08,2.022863006591796875e+01
7.000226974487304688e-01,1.600819921065976814e-08,2.027663993835449219e+01
7.000237703323364258e-01,1.610387911910038383e-08,2.032471084594726562e+01
7.000231742858886719e-01,1.603839017150221480e-08,2.037273025512695312e+01
7.000226974487304688e-01,1.605386046321655158e-08,2.042077064514160156e+01
7.000238895416259766e-01,1.607696020755611244e-08,2.046880912780761719e+01
7.000250816345214844e-01,1.599710053312719538e-08,2.051680946350097656e+01
7.000234127044677734e-01,1.609715027939273568e-08,2.056488037109375000e+01
7.000231742858886719e-01,1.602074917173013091e-08,2.061289024353027344e+01
7.000225782394409180e-01,1.605076072053179814e-08,2.066091918945312500e+01
7.000226974487304688e-01,1.606422017630393384e-08,2.070895957946777344e+01
7.000228762626647949e-01,1.601565990938524919e-08,2.075695991516113281e+01
7.000225186347961426e-01,1.607950039783645479e-08,2.080504035949707031e+01
7.000231742858886719e-01,1.602256993749051617e-08,2.085304069519042969e+01
7.000221014022827148e-01,1.606368016382475616e-08,2.090107917785644531e+01
7.000222206115722656e-01,1.603638999370105012e-08,2.094911956787109375e+01
7.000247240066528320e-01,1.600601962081782403e-08,2.099711990356445312e+01
7.000234127044677734e-01,1.609022959314643231e-08,2.104517936706542969e+01
7.000231742858886719e-01,1.601475041468347627e-08,2.109321022033691406e+01
7.000235915184020996e-01,1.605675947757845279e-08,2.114123916625976562e+01
7.000228762626647949e-01,1.604566968183007702e-08,2.118931007385253906e+01
7.000229954719543457e-01,1.601910959436736448e-08,2.123732948303222656e+01
7.000237107276916504e-01,1.608058930457900715e-08,2.128537940979003906e+01
7.000225782394409180e-01,1.601966026498757856e-08,2.133341026306152344e+01
7.000234127044677734e-01,1.606841060208807903e-08,2.138143920898437500e+01
7.000222206115722656e-01,1.605821964290043979e-08,2.142950057983398438e+01
7.000244855880737305e-01,1.602474952733246027e-08,2.147751045227050781e+01
7.000241875648498535e-01,1.607186028707019432e-08,2.152552986145019531e+01
7.000228166580200195e-01,1.600838039905738697e-08,2.157357025146484375e+01
7.000228166580200195e-01,1.607259036973118782e-08,2.162158012390136719e+01
7.000232934951782227e-01,1.603767074698225770e-08,2.166962051391601562e+01
7.000240087509155273e-01,1.603384980342070776e-08,2.171762084960937500e+01
7.000228166580200195e-01,1.606585975366670027e-08,2.176565933227539062e+01
7.000234127044677734e-01,1.599947019315095531e-08,2.181369018554687500e+01
7.000231146812438965e-01,1.606368016382475616e-08,2.186173057556152344e+01
7.000231742858886719e-01,1.603875965372481005e-08,2.190978050231933594e+01
7.000228762626647949e-01,1.599656052064801770e-08,2.195778083801269531e+01
7.000210285186767578e-01,1.607059019193002314e-08,2.200581932067871094e+01
7.000228762626647949e-01,1.599637045046620187e-08,2.205385971069335938e+01
7.000225782394409180e-01,1.607186028707019432e-08,2.210187911987304688e+01
7.000226974487304688e-01,1.601637933390520629e-08,2.214990043640136719e+01
7.000228762626647949e-01,1.600492005593423528e-08,2.219791030883789062e+01
7.000228166580200195e-01,1.607858912677784247e-08,2.224592018127441406e+01
7.000237107276916504e-01,1.600801979861898872e-08,2.229393959045410156e+01
7.000232934951782227e-01,1.606439958834471327e-08,2.234196090698242188e+01
7.000228762626647949e-01,1.601729060496381862e-08,2.238998985290527344e+01
7.000241875648498535e-01,1.602747978779461846e-08,2.243802070617675781e+01
7.000234127044677734e-01,1.606422017630393384e-08,2.248605918884277344e+01
7.000216841697692871e-01,1.598619014941959904e-08,2.253410911560058594e+01
7.000225782394409180e-01,1.607076960397080256e-08,2.258212089538574219e+01
7.000247240066528320e-01,1.601038057685855165e-08,2.263017082214355469e+01
7.000231146812438965e-01,1.602128918420930859e-08,2.267819976806640625e+01
7.000228762626647949e-01,1.607605071285433951e-08,2.272623062133789062e+01
7.000237703323364258e-01,1.597637044881139445e-08,2.277425956726074219e+01
7.000237107276916504e-01,1.607276978177196725e-08,2.282228088378906250e+01
7.000237703323364258e-01,1.602747978779461846e-08,2.287031936645507812e+01
7.000237703323364258e-01,1.601748067514563445e-08,2.291835021972656250e+01
7.000237703323364258e-01,1.607494937161391135e-08,2.296637916564941406e+01
7.000228166580200195e-01,1.597928012131433206e-08,2.301441955566406250e+01
7.000237107276916504e-01,1.607969046801827062e-08,2.306245040893554688e+01
7.000234723091125488e-01,1.600819921065976814e-08,2.311046028137207031e+01
7.000237703323364258e-01,1.602857047089401021e-08,2.315848922729492188e+01
7.000235915184020996e-01,1.607367927647374017e-08,2.320651054382324219e+01
7.000237107276916504e-01,1.597872945069411799e-08,2.325455093383789062e+01
7.000235915184020996e-01,1.607440935913473368e-08,2.330257034301757812e+01
7.000237703323364258e-01,1.599237009486387251e-08,2.335061073303222656e+01
7.000228762626647949e-01,1.601583932142602862e-08,2.339863967895507812e+01
7.000231742858886719e-01,1.605604005305849569e-08,2.344665908813476562e+01
7.000228762626647949e-01,1.594871967824929015e-08,2.349468994140625000e+01
7.000228166580200195e-01,1.605931032599983155e-08,2.354272079467773438e+01
7.000231146812438965e-01,1.600946930579993932e-08,2.359074974060058594e+01
7.000234127044677734e-01,1.600674082169462054e-08,2.363878059387207031e+01
7.000226974487304688e-01,1.605621946509927511e-08,2.368680953979492188e+01
7.000238895416259766e-01,1.595618037697477121e-08,2.373484039306640625e+01
7.000238895416259766e-01,1.606185939806437091e-08,2.378285980224609375e+01
7.000241279602050781e-01,1.600492005593423528e-08,2.383086013793945312e+01
7.000222802162170410e-01,1.599783061578818888e-08,2.387888908386230469e+01
7.000228166580200195e-01,1.606058930292419973e-08,2.392690086364746094e+01
7.000225782394409180e-01,1.596873033804513398e-08,2.397495079040527344e+01
7.000225782394409180e-01,1.604984944947318581e-08,2.402297019958496094e+01
7.000231742858886719e-01,1.600164978299289942e-08,2.407097053527832031e+01
7.000222802162170410e-01,1.599783061578818888e-08,2.411898994445800781e+01
7.000231146812438965e-01,1.605621946509927511e-08,2.416700935363769531e+01
7.000231742858886719e-01,1.595689980149472831e-08,2.421503067016601562e+01
7.000234723091125488e-01,1.607476995957313193e-08,2.426305961608886719e+01
7.000231146812438965e-01,1.599545917940758955e-08,2.431106948852539062e+01
7.000225186347961426e-01,1.599727994516797480e-08,2.435910034179687500e+01
7.000228166580200195e-01,1.607132027459101664e-08,2.440711021423339844e+01
7.000228166580200195e-01,1.595580911839533655e-08,2.445513916015625000e+01
7.000256180763244629e-01,1.607294919381274667e-08,2.450315093994140625e+01
7.000234723091125488e-01,1.600147037095211999e-08,2.455117988586425781e+01
7.000234723091125488e-01,1.600674082169462054e-08,2.459919929504394531e+01
7.000234127044677734e-01,1.605658006553767336e-08,2.464720916748046875e+01
7.000231146812438965e-01,1.594507992308535904e-08,2.469522094726562500e+01
7.000235915184020996e-01,1.606549915322830202e-08,2.474324035644531250e+01
7.000234127044677734e-01,1.600474064389345585e-08,2.479125976562500000e+01
7.000237107276916504e-01,1.599710053312719538e-08,2.483926963806152344e+01
7.000231146812438965e-01,1.605804023085966037e-08,2.488727951049804688e+01
7.000234723091125488e-01,1.595016918543024076e-08,2.493528938293457031e+01
7.000246047973632812e-01,1.606150057398281206e-08,2.498332977294921875e+01
7.000232934951782227e-01,1.599910071092836006e-08,2.503136062622070312e+01
7.000228762626647949e-01,1.601055998889933107e-08,2.507938003540039062e+01
7.000232934951782227e-01,1.605604005305849569e-08,2.512738990783691406e+01
7.000231742858886719e-01,1.594234966262320086e-08,2.517539978027343750e+01
7.000234723091125488e-01,1.605658006553767336e-08,2.522340965270996094e+01
7.000235915184020996e-01,1.599219068282309308e-08,2.527141952514648438e+01
7.000237703323364258e-01,1.598709964412137197e-08,2.531945037841796875e+01
7.000234723091125488e-01,1.605894972556143330e-08,2.536746978759765625e+01
7.000237107276916504e-01,1.594725951292730315e-08,2.541547966003417969e+01
7.000231742858886719e-01,1.604166932622774766e-08,2.546352005004882812e+01
7.000250220298767090e-01,1.600528953815683053e-08,2.551152992248535156e+01
7.000234127044677734e-01,1.599600985002780362e-08,2.555954933166503906e+01
7.000234723091125488e-01,1.604766985963124171e-08,2.560758018493652344e+01
7.000225782394409180e-01,1.593543963451793388e-08,2.565562057495117188e+01
7.000228762626647949e-01,1.604693977697024820e-08,2.570367050170898438e+01
7.000225782394409180e-01,1.597200061098646984e-08,2.575168991088867188e+01
7.000222206115722656e-01,1.599491916692841187e-08,2.579972076416015625e+01
7.000231146812438965e-01,1.603638999370105012e-08,2.584774971008300781e+01
7.000234723091125488e-01,1.593489074025455920e-08,2.589575958251953125e+01
7.000232934951782227e-01,1.604458077508752467e-08,2.594380950927734375e+01
7.000231742858886719e-01,1.598018961601610499e-08,2.599180984497070312e+01
7.000246047973632812e-01,1.598892040988175722e-08,2.603985977172851562e+01
7.000226974487304688e-01,1.604020916090576065e-08,2.608787918090820312e+01
7.000226974487304688e-01,1.593453013981616095e-08,2.613588905334472656e+01
7.000232934951782227e-01,1.603475929812248069e-08,2.618391990661621094e+01
7.000234723091125488e-01,1.597745935555394681e-08,2.623192024230957031e+01
7.000234127044677734e-01,1.598836973926154315e-08,2.627994918823242188e+01
7.000228762626647949e-01,1.602892929497556906e-08,2.632797050476074219e+01
7.000237107276916504e-01,1.592906961889184458e-08,2.637598037719726562e+01
7.000231146812438965e-01,1.604020916090576065e-08,2.642403984069824219e+01
7.000235915184020996e-01,1.595999066239528474e-08,2.647204971313476562e+01
7.000228762626647949e-01,1.598909982192253665e-08,2.652006912231445312e+01
7.000231146812438965e-01,1.601983967702835798e-08,2.656809997558593750e+01
7.000234723091125488e-01,1.593616971717892739e-08,2.661610984802246094e+01
7.000234723091125488e-01,1.602639088105206611e-08,2.666414070129394531e+01
7.000234127044677734e-01,1.598472998409761203e-08,2.671215057373046875e+01
7.000237107276916504e-01,1.598055021645450324e-08,2.676015090942382812e+01
7.000244259834289551e-01,1.602838928249639139e-08,2.680817985534667969e+01
7.000237703323364258e-01,1.593888931950004917e-08,2.685619926452636719e+01
7.000241875648498535e-01,1.603402921546148718e-08,2.690422058105468750e+01
7.000234723091125488e-01,1.598018961601610499e-08,2.695223045349121094e+01
7.000232934951782227e-01,1.599527976736681012e-08,2.700027084350585938e+01
7.000231146812438965e-01,1.602874988293478964e-08,2.704829025268554688e+01
7.000231742858886719e-01,1.593670972965810506e-08,2.709630012512207031e+01
7.000231146812438965e-01,1.602584021043185203e-08,2.714435005187988281e+01
7.000237703323364258e-01,1.597928012131433206e-08,2.719236946105957031e+01
7.000237703323364258e-01,1.599092058768292191e-08,2.724040031433105469e+01
7.000231742858886719e-01,1.601766008718641388e-08,2.728841972351074219e+01
7.000241875648498535e-01,1.592506926328951522e-08,2.733642959594726562e+01
7.000235915184020996e-01,1.603329913280049368e-08,2.738446998596191406e+01
7.000235915184020996e-01,1.596944976256509108e-08,2.743247985839843750e+01
7.000235915184020996e-01,1.597909005113251624e-08,2.748051071166992188e+01
7.000232934951782227e-01,1.603638999370105012e-08,2.752853965759277344e+01
7.000229954719543457e-01,1.593780041275749682e-08,2.757654953002929688e+01
7.000244855880737305e-01,1.603402921546148718e-08,2.762458038330078125e+01
7.000237703323364258e-01,1.596836085582253872e-08,2.767258071899414062e+01
7.000244259834289551e-01,1.598328047691666143e-08,2.772059059143066406e+01
7.000238895416259766e-01,1.603130073135616840e-08,2.776861000061035156e+01
7.000237703323364258e-01,1.594307974528419436e-08,2.781662940979003906e+01
7.000237703323364258e-01,1.603529931060165836e-08,2.786465072631835938e+01
7.000243067741394043e-01,1.597000043318530516e-08,2.791267013549804688e+01
7.000241875648498535e-01,1.597637044881139445e-08,2.796069908142089844e+01
7.000234127044677734e-01,1.603203081401716190e-08,2.800872039794921875e+01
7.000237107276916504e-01,1.594180076835982618e-08,2.805673980712890625e+01
7.000243067741394043e-01,1.603203081401716190e-08,2.810478973388671875e+01
7.000237703323364258e-01,1.597000043318530516e-08,2.815279960632324219e+01
7.000241279602050781e-01,1.597200061098646984e-08,2.820083999633789062e+01
7.000247836112976074e-01,1.602566079839107260e-08,2.824884033203125000e+01
7.000241875648498535e-01,1.592906961889184458e-08,2.829685020446777344e+01
7.000244855880737305e-01,1.603311972075971426e-08,2.834490013122558594e+01
7.000238895416259766e-01,1.596727017272314697e-08,2.839290046691894531e+01
7.000234723091125488e-01,1.597073051584629866e-08,2.844091033935546875e+01
7.000253200531005859e-01,1.601419974406326219e-08,2.848892974853515625e+01
7.000253200531005859e-01,1.593435072777538153e-08,2.853693962097167969e+01
7.000237703323364258e-01,1.602765919983539789e-08,2.858493995666503906e+01
7.000244259834289551e-01,1.596417931182259053e-08,2.863295936584472656e+01
7.000238895416259766e-01,1.597308951772902219e-08,2.868096923828125000e+01
7.000241875648498535e-01,1.600220045361311350e-08,2.872897911071777344e+01
7.000244855880737305e-01,1.592452036902614054e-08,2.877699089050292969e+01
7.000244259834289551e-01,1.601619992186442687e-08,2.882504081726074219e+01
7.000244855880737305e-01,1.596436050022020936e-08,2.887303924560546875e+01
7.000246047973632812e-01,1.598854915130232257e-08,2.892106056213378906e+01
7.000237703323364258e-01,1.602692911717440438e-08,2.896907997131347656e+01
7.000269293785095215e-01,1.592816012419007166e-08,2.901708984375000000e+01
7.000247836112976074e-01,1.601710941656619980e-08,2.906513977050781250e+01
7.000243067741394043e-01,1.593470955185694038e-08,2.911314010620117188e+01
7.000238895416259766e-01,1.595872056725511356e-08,2.916116905212402344e+01
7.000244259834289551e-01,1.601111065951954515e-08,2.920916938781738281e+01
7.000244259834289551e-01,1.592706944109067990e-08,2.925717926025390625e+01
7.000243067741394043e-01,1.602584021043185203e-08,2.930517005920410156e+01
7.000244259834289551e-01,1.594835019602669490e-08,2.935317993164062500e+01
7.000250816345214844e-01,1.594981036134868191e-08,2.940118980407714844e+01
7.000247836112976074e-01,1.597945953335511149e-08,2.944919013977050781e+01
7.000268101692199707e-01,1.594635001822553022e-08,2.949720001220703125e+01
7.000252008438110352e-01,1.603529931060165836e-08,2.954521942138671875e+01
7.000238895416259766e-01,1.593888931950004917e-08,2.959322929382324219e+01
7.000247240066528320e-01,1.595454079961200478e-08,2.964126014709472656e+01
7.000244259834289551e-01,1.601346966140226868e-08,2.968925094604492188e+01
7.000243067741394043e-01,1.591197040795577777e-08,2.973727035522460938e+01
7.000249028205871582e-01,1.601619992186442687e-08,2.978528976440429688e+01
7.000241279602050781e-01,1.594725951292730315e-08,2.983329963684082031e+01
7.000238895416259766e-01,1.595125986852963251e-08,2.988129997253417969e+01
7.000247240066528320e-01,1.600220045361311350e-08,2.992931938171386719e+01
7.000250816345214844e-01,1.592452036902614054e-08,2.997734069824218750e+01
7.000250816345214844e-01,1.601929078276498331e-08,3.002536964416503906e+01
7.000253796577453613e-01,1.594908027868768841e-08,3.007337951660156250e+01
7.000247836112976074e-01,1.596253973445982410e-08,3.012140083312988281e+01
7.000241875648498535e-01,1.598128029911549675e-08,3.016941070556640625e+01
7.000247836112976074e-01,1.587759079768602533e-08,3.021742057800292969e+01
7.000241279602050781e-01,1.600965049419755815e-08,3.026544952392578125e+01
7.000247240066528320e-01,1.595599030679295538e-08,3.031344985961914062e+01
7.000243067741394043e-01,1.597108933992785751e-08,3.036145973205566406e+01
7.000244855880737305e-01,1.598110088707471732e-08,3.040946006774902344e+01
7.000246047973632812e-01,1.589742026908425032e-08,3.045746994018554688e+01
7.000237703323364258e-01,1.604276000932713941e-08,3.050552940368652344e+01
7.000244259834289551e-01,1.595945064991610707e-08,3.055352020263671875e+01
7.000244855880737305e-01,1.596236032241904468e-08,3.060153961181640625e+01
7.000247240066528320e-01,1.599237009486387251e-08,3.064953994750976562e+01
7.000241279602050781e-01,1.589815035174524382e-08,3.069757080078125000e+01
7.000238895416259766e-01,1.600528953815683053e-08,3.074555015563964844e+01
7.000247836112976074e-01,1.591051912441798777e-08,3.079353904724121094e+01
7.000241875648498535e-01,1.597327070612664102e-08,3.084156990051269531e+01
7.000237703323364258e-01,1.598946042236093490e-08,3.088958930969238281e+01
7.000241875648498535e-01,1.589486942066287156e-08,3.093759918212890625e+01
7.000234127044677734e-01,1.601492982672425569e-08,3.098562049865722656e+01
7.000226974487304688e-01,1.596271914650060353e-08,3.103363037109375000e+01
7.000240087509155273e-01,1.597073051584629866e-08,3.108165931701660156e+01
7.000243067741394043e-01,1.599036991706270783e-08,3.112965965270996094e+01
7.000228166580200195e-01,1.589341991348192096e-08,3.117767906188964844e+01
7.000234723091125488e-01,1.598272980629644735e-08,3.122569084167480469e+01
7.000241875648498535e-01,1.595945064991610707e-08,3.127371025085449219e+01
7.000238895416259766e-01,1.596253973445982410e-08,3.132172012329101562e+01
7.000238895416259766e-01,1.596744958476392640e-08,3.136972999572753906e+01
7.000234723091125488e-01,1.590452036737133312e-08,3.141773986816406250e+01
7.000234723091125488e-01,1.602310994996969384e-08,3.146578025817871094e+01
7.000237107276916504e-01,1.593726040027831914e-08,3.151376914978027344e+01
7.000231146812438965e-01,1.596800025538414047e-08,3.156178092956542969e+01
7.000234723091125488e-01,1.596053955665865942e-08,3.160973930358886719e+01
7.000232934951782227e-01,1.587869036256961408e-08,3.165773963928222656e+01
7.000232934951782227e-01,1.601202015422131808e-08,3.170577049255371094e+01
7.000238895416259766e-01,1.592689002904990048e-08,3.175378036499023438e+01
7.000231742858886719e-01,1.594671950044812547e-08,3.180179023742675781e+01
7.000237703323364258e-01,1.598836973926154315e-08,3.184980010986328125e+01
7.000241875648498535e-01,1.590323961409012554e-08,3.189780998229980469e+01
7.000228762626647949e-01,1.600364996079406410e-08,3.194582939147949219e+01
7.000246047973632812e-01,1.593179987935400277e-08,3.199382972717285156e+01
7.000247240066528320e-01,1.592198017874579818e-08,3.204185104370117188e+01
7.000234723091125488e-01,1.597708987333135155e-08,3.208985137939453125e+01
7.000244259834289551e-01,1.590179010690917494e-08,3.213787078857421875e+01
7.000238895416259766e-01,1.600492005593423528e-08,3.218590927124023438e+01
7.000238895416259766e-01,1.591451948002031713e-08,3.223392105102539062e+01
7.000232934951782227e-01,1.595872056725511356e-08,3.228194046020507812e+01
7.000244259834289551e-01,1.598382048939583910e-08,3.232994079589843750e+01
7.000238895416259766e-01,1.589778975130684557e-08,3.237797164916992188e+01
7.000235915184020996e-01,1.599673993268879713e-08,3.242597961425781250e+01
7.000250220298767090e-01,1.589869924600861850e-08,3.247399139404296875e+01
7.000257968902587891e-01,1.593362064511438803e-08,3.252202987670898438e+01
7.000237107276916504e-01,1.598763965660054964e-08,3.257003021240234375e+01
7.000241279602050781e-01,1.589305931304352271e-08,3.261804962158203125e+01
7.000237703323364258e-01,1.597891063909173681e-08,3.266603851318359375e+01
7.000237107276916504e-01,1.591797982314346882e-08,3.271403121948242188e+01
7.000238895416259766e-01,1.594307974528419436e-08,3.276206970214843750e+01
7.000234127044677734e-01,1.598946042236093490e-08,3.281007003784179688e+01
7.000237107276916504e-01,1.588504972005466698e-08,3.285808944702148438e+01
7.000237703323364258e-01,1.599019050502192840e-08,3.290612030029296875e+01
7.000234723091125488e-01,1.589669018642325682e-08,3.295409011840820312e+01
7.000250816345214844e-01,1.596253973445982410e-08,3.300212097167968750e+01
7.000241279602050781e-01,1.597308951772902219e-08,3.305012130737304688e+01
7.000240087509155273e-01,1.587467934882624832e-08,3.309812164306640625e+01
7.000237703323364258e-01,1.597964072175273031e-08,3.314612960815429688e+01
7.000241279602050781e-01,1.592925080728946341e-08,3.319411849975585938e+01
7.000235915184020996e-01,1.596145082771727175e-08,3.324216079711914062e+01
7.000237107276916504e-01,1.596053955665865942e-08,3.329016876220703125e+01
7.000237703323364258e-01,1.586395015351627080e-08,3.333816909790039062e+01
7.000237107276916504e-01,1.597017984522608458e-08,3.338618087768554688e+01
7.000238895416259766e-01,1.593888931950004917e-08,3.343418884277343750e+01
7.000247240066528320e-01,1.595235943341322127e-08,3.348223114013671875e+01
7.000247240066528320e-01,1.596145082771727175e-08,3.353022003173828125e+01
7.000238895416259766e-01,1.586341014103709313e-08,3.357822036743164062e+01
7.000244259834289551e-01,1.598345988895744085e-08,3.362622070312500000e+01
7.000244259834289551e-01,1.593416953937776270e-08,3.367419052124023438e+01
7.000234723091125488e-01,1.595545029431377770e-08,3.372220993041992188e+01
7.000238895416259766e-01,1.597454968305100920e-08,3.377021026611328125e+01
7.000237107276916504e-01,1.586668041397842899e-08,3.381822967529296875e+01
7.000228762626647949e-01,1.599691934472957655e-08,3.386626052856445312e+01
7.000241875648498535e-01,1.591561016311970889e-08,3.391424942016601562e+01
7.000235915184020996e-01,1.594053067321965500e-08,3.396224975585937500e+01
7.000234723091125488e-01,1.595853937885749474e-08,3.401023864746093750e+01
7.000234127044677734e-01,1.588595921475643991e-08,3.405823898315429688e+01
7.000237703323364258e-01,1.597637044881139445e-08,3.410625839233398438e+01
7.000237703323364258e-01,1.591561016311970889e-08,3.415425109863281250e+01
7.000241875648498535e-01,1.594344034572259261e-08,3.420225906372070312e+01
7.000241875648498535e-01,1.596290921668241936e-08,3.425027084350585938e+01
7.000241279602050781e-01,1.588214004755172937e-08,3.429830169677734375e+01
7.000237107276916504e-01,1.597235943506802869e-08,3.434629058837890625e+01
7.000238895416259766e-01,1.589742026908425032e-08,3.439426040649414062e+01
7.000229954719543457e-01,1.595181053914984659e-08,3.444226837158203125e+01
7.000237703323364258e-01,1.596036014461788000e-08,3.449024963378906250e+01
7.000231742858886719e-01,1.587505060740568297e-08,3.453826141357421875e+01
7.000234127044677734e-01,1.598455057205683261e-08,3.458626174926757812e+01
7.000237703323364258e-01,1.591124920707898127e-08,3.463428115844726562e+01
7.000241279602050781e-01,1.593670972965810506e-08,3.468230819702148438e+01
7.000238895416259766e-01,1.596382048774103168e-08,3.473030090332031250e+01
7.000234723091125488e-01,1.587578069006667647e-08,3.477828979492187500e+01
7.000238895416259766e-01,1.598072962849528267e-08,3.482627105712890625e+01
7.000243067741394043e-01,1.591434006797953771e-08,3.487427139282226562e+01
7.000235915184020996e-01,1.594471932264696079e-08,3.492227172851562500e+01
7.000237107276916504e-01,1.595562970635455713e-08,3.497024154663085938e+01
7.000234127044677734e-01,1.587540943148724182e-08,3.501826095581054688e+01
7.000234723091125488e-01,1.599310017752486601e-08,3.506624984741210938e+01
7.000228762626647949e-01,1.591815923518424825e-08,3.511421966552734375e+01
7.000231742858886719e-01,1.593035037217305216e-08,3.516225051879882812e+01
7.000234127044677734e-01,1.597545917775278213e-08,3.521022033691406250e+01
7.000229954719543457e-01,1.586703923805998784e-08,3.525822067260742188e+01
7.000228166580200195e-01,1.598091081689290149e-08,3.530619812011718750e+01
7.000237703323364258e-01,1.591942933032441942e-08,3.535419845581054688e+01
7.000231146812438965e-01,1.593380005715516745e-08,3.540222167968750000e+01
7.000231146812438965e-01,1.595508081209118245e-08,3.545019912719726562e+01
7.000250816345214844e-01,1.587267917102508363e-08,3.549821853637695312e+01
7.000238895416259766e-01,1.598201038177649025e-08,3.554621887207031250e+01
7.000234723091125488e-01,1.590415088514873787e-08,3.559423828125000000e+01
7.000231742858886719e-01,1.593306997449417395e-08,3.564225006103515625e+01
7.000234723091125488e-01,1.596453991226098879e-08,3.569023132324218750e+01
7.000226974487304688e-01,1.587613951414823532e-08,3.573823165893554688e+01
7.000231742858886719e-01,1.598582066719700379e-08,3.578620910644531250e+01
7.000234723091125488e-01,1.591070031281560659e-08,3.583422088623046875e+01
7.000225782394409180e-01,1.591888931784524175e-08,3.588224029541015625e+01
7.000231742858886719e-01,1.595235943341322127e-08,3.593021011352539062e+01
7.000241279602050781e-01,1.586903941586115252e-08,3.597822952270507812e+01
7.000241875648498535e-01,1.598490939613839146e-08,3.602621078491210938e+01
7.000238895416259766e-01,1.591869924766342592e-08,3.607423019409179688e+01
7.000237107276916504e-01,1.592906961889184458e-08,3.612223815917968750e+01
7.000234723091125488e-01,1.596617948962375522e-08,3.617023849487304688e+01
7.000231146812438965e-01,1.586976949852214602e-08,3.621826171875000000e+01
7.000231742858886719e-01,1.597254950524984451e-08,3.626625061035156250e+01
7.000232934951782227e-01,1.590487919145289197e-08,3.631423187255859375e+01
7.000225186347961426e-01,1.591688914004407707e-08,3.636223983764648438e+01
7.000234723091125488e-01,1.595745047211494239e-08,3.641022872924804688e+01
7.000237703323364258e-01,1.588086995241155819e-08,3.645822906494140625e+01
7.000225782394409180e-01,1.598528065471782611e-08,3.650621032714843750e+01
7.000241875648498535e-01,1.591507015064053121e-08,3.655419921875000000e+01
7.000228166580200195e-01,1.591270049061677128e-08,3.660221862792968750e+01
7.000234127044677734e-01,1.595707921353550773e-08,3.665018844604492188e+01
7.000232934951782227e-01,1.587832088034701883e-08,3.669821166992187500e+01
7.000228762626647949e-01,1.596944976256509108e-08,3.674620056152343750e+01
7.000231742858886719e-01,1.590452036737133312e-08,3.679420852661132812e+01
7.000225186347961426e-01,1.591742915252325474e-08,3.684223175048828125e+01
7.000231146812438965e-01,1.595545029431377770e-08,3.689019012451171875e+01
7.000231146812438965e-01,1.587267917102508363e-08,3.693822097778320312e+01
7.000226974487304688e-01,1.597473087144862802e-08,3.698619842529296875e+01
7.000231742858886719e-01,1.590706055765167548e-08,3.703422164916992188e+01
7.000231742858886719e-01,1.591761034092087357e-08,3.708221817016601562e+01
7.000228762626647949e-01,1.595362952855339245e-08,3.713021087646484375e+01
7.000228762626647949e-01,1.586522913044063898e-08,3.717824172973632812e+01
7.000232934951782227e-01,1.596163023975805118e-08,3.722623825073242188e+01
7.000237703323364258e-01,1.590579046251150430e-08,3.727423858642578125e+01
7.000234127044677734e-01,1.591451948002031713e-08,3.732226181030273438e+01
7.000228166580200195e-01,1.594908027868768841e-08,3.737023925781250000e+01
7.000228762626647949e-01,1.587486941900806414e-08,3.741825866699218750e+01
7.000228166580200195e-01,1.597454968305100920e-08,3.746625137329101562e+01
7.000225186347961426e-01,1.589759968112502975e-08,3.751424026489257812e+01
7.000234127044677734e-01,1.591434006797953771e-08,3.756225967407226562e+01
7.000228762626647949e-01,1.596053955665865942e-08,3.761024856567382812e+01
7.000232934951782227e-01,1.586358955307787255e-08,3.765827178955078125e+01
7.000234127044677734e-01,1.597508969553018687e-08,3.770626068115234375e+01
7.000222802162170410e-01,1.590196951894995436e-08,3.775424957275390625e+01
7.000231146812438965e-01,1.590250953142913204e-08,3.780224990844726562e+01
7.000222206115722656e-01,1.596817966742491990e-08,3.785023880004882812e+01
7.000228166580200195e-01,1.587267917102508363e-08,3.789826965332031250e+01
7.000222206115722656e-01,1.596053955665865942e-08,3.794626998901367188e+01
7.000228166580200195e-01,1.589178033611915453e-08,3.799427032470703125e+01
7.000226974487304688e-01,1.591578957516048831e-08,3.804228973388671875e+01
7.000228166580200195e-01,1.595108045648885309e-08,3.809024810791015625e+01
7.000222206115722656e-01,1.584884934402452927e-08,3.813827896118164062e+01
7.000237107276916504e-01,1.597327070612664102e-08,3.818626022338867188e+01
7.000226974487304688e-01,1.590123943628896086e-08,3.823426818847656250e+01
7.000228762626647949e-01,1.590596987455228373e-08,3.828227996826171875e+01
7.000234127044677734e-01,1.596109022727887350e-08,3.833029174804687500e+01
7.000234127044677734e-01,1.586558973087903723e-08,3.837831115722656250e+01
7.000226974487304688e-01,1.596199972198064643e-08,3.842631149291992188e+01
7.000243067741394043e-01,1.590233011938835261e-08,3.847430038452148438e+01
7.000252008438110352e-01,1.591888931784524175e-08,3.852228927612304688e+01
7.000228166580200195e-01,1.595489962369356363e-08,3.857027816772460938e+01
7.000231742858886719e-01,1.586304065881449787e-08,3.861828994750976562e+01
7.000231742858886719e-01,1.595999066239528474e-08,3.866627883911132812e+01
7.000228762626647949e-01,1.588924014583881217e-08,3.871429061889648438e+01
7.000237107276916504e-01,1.590487919145289197e-08,3.876229095458984375e+01
7.000231742858886719e-01,1.595562970635455713e-08,3.881026077270507812e+01
7.000226974487304688e-01,1.586012920995472086e-08,3.885829162597656250e+01
7.000232934951782227e-01,1.595889997929589299e-08,3.890628051757812500e+01
7.000231742858886719e-01,1.589251041878014803e-08,3.895429992675781250e+01
7.000247240066528320e-01,1.590979081811383367e-08,3.900230026245117188e+01
7.000225186347961426e-01,1.595527088227299828e-08,3.905028152465820312e+01
7.000226974487304688e-01,1.585885911481454968e-08,3.909830856323242188e+01
7.000225782394409180e-01,1.596053955665865942e-08,3.914627838134765625e+01
7.000231742858886719e-01,1.589632958598485857e-08,3.919427871704101562e+01
7.000237107276916504e-01,1.591815923518424825e-08,3.924230957031250000e+01
7.000232934951782227e-01,1.594890086664690898e-08,3.929027938842773438e+01
7.000231742858886719e-01,1.584995068526495743e-08,3.933831024169921875e+01
7.000228762626647949e-01,1.595799048459412006e-08,3.938629913330078125e+01
7.000237107276916504e-01,1.588924014583881217e-08,3.943431854248046875e+01
7.000228762626647949e-01,1.590106002424818143e-08,3.948231124877929688e+01
7.000231742858886719e-01,1.595235943341322127e-08,3.953028869628906250e+01
7.000231146812438965e-01,1.584612974170340749e-08,3.957831954956054688e+01
7.000225186347961426e-01,1.595327070447183360e-08,3.962630844116210938e+01
7.000234723091125488e-01,1.589669018642325682e-08,3.967433929443359375e+01
7.000226974487304688e-01,1.589869924600861850e-08,3.972235107421875000e+01
7.000231742858886719e-01,1.595108045648885309e-08,3.977032089233398438e+01
7.000231742858886719e-01,1.585195086306612211e-08,3.981834030151367188e+01
7.000228166580200195e-01,1.595254062181084009e-08,3.986634063720703125e+01
7.000222802162170410e-01,1.588487030801388755e-08,3.991434097290039062e+01
7.000234723091125488e-01,1.590032994158718793e-08,3.996234130859375000e+01
7.000225782394409180e-01,1.595799048459412006e-08,4.001033020019531250e+01
7.000237107276916504e-01,1.585631004275001033e-08,4.005834960937500000e+01
7.000222206115722656e-01,1.594962917295106308e-08,4.010634994506835938e+01
7.000231742858886719e-01,1.588868947521859809e-08,4.015435028076171875e+01
7.000226974487304688e-01,1.588851006317781867e-08,4.020235061645507812e+01
7.000226974487304688e-01,1.594417042838358611e-08,4.025032043457031250e+01
7.000228166580200195e-01,1.584248998653947638e-08,4.029835128784179688e+01
7.000231742858886719e-01,1.594598941778713197e-08,4.034632110595703125e+01
7.000228166580200195e-01,1.588214004755172937e-08,4.039432907104492188e+01
7.000226974487304688e-01,1.589778975130684557e-08,4.044235992431640625e+01
7.000225186347961426e-01,1.594107956748302968e-08,4.049032974243164062e+01
7.000225782394409180e-01,1.585030950934651628e-08,4.053836059570312500e+01
7.000226974487304688e-01,1.594671950044812547e-08,4.058633041381835938e+01
7.000234127044677734e-01,1.587996045770978526e-08,4.063433074951171875e+01
7.000222802162170410e-01,1.589087084141738160e-08,4.068236923217773438e+01
7.000222206115722656e-01,1.594725951292730315e-08,4.073033905029296875e+01
7.000237107276916504e-01,1.583303088636967004e-08,4.077836990356445312e+01
7.000228166580200195e-01,1.594744070132492197e-08,4.082633972167968750e+01
7.000241279602050781e-01,1.588595921475643991e-08,4.087434005737304688e+01
7.000237703323364258e-01,1.588887066361621692e-08,4.092234039306640625e+01
7.000234127044677734e-01,1.594871967824929015e-08,4.097032165527343750e+01
7.000231742858886719e-01,1.583921083181394351e-08,4.101834869384765625e+01
7.000231146812438965e-01,1.593508081043637503e-08,4.106631851196289062e+01
7.000234127044677734e-01,1.588231945959250879e-08,4.111433029174804688e+01
7.000225782394409180e-01,1.589178033611915453e-08,4.116233062744140625e+01
7.000232934951782227e-01,1.593470955185694038e-08,4.121031188964843750e+01
7.000234127044677734e-01,1.583939912563891994e-08,4.125835037231445312e+01
7.000231146812438965e-01,1.594234966262320086e-08,4.130632019042968750e+01
7.000234723091125488e-01,1.587068076958075835e-08,4.135432815551757812e+01
7.000231146812438965e-01,1.588431963739367347e-08,4.140233993530273438e+01
7.000232934951782227e-01,1.594417042838358611e-08,4.145032882690429688e+01
7.000257968902587891e-01,1.584431075229986163e-08,4.149835968017578125e+01
7.000234723091125488e-01,1.593616971717892739e-08,4.154634094238281250e+01
7.000244855880737305e-01,1.587523001944646239e-08,4.159434127807617188e+01
7.000235915184020996e-01,1.588069054037077876e-08,4.164234924316406250e+01
7.000232934951782227e-01,1.592107068404402526e-08,4.169033050537109375e+01
7.000237703323364258e-01,1.584684916622336459e-08,4.173836898803710938e+01
7.000234723091125488e-01,1.593526022247715446e-08,4.178635025024414062e+01
7.000237703323364258e-01,1.586085929261571437e-08,4.183435058593750000e+01
7.000237107276916504e-01,1.589141973568075628e-08,4.188235855102539062e+01
7.000232934951782227e-01,1.592671061700912105e-08,4.193033981323242188e+01
7.000237107276916504e-01,1.582047914894246787e-08,4.197837829589843750e+01
7.000244259834289551e-01,1.594725951292730315e-08,4.202637100219726562e+01
7.000231146812438965e-01,1.587959985727138701e-08,4.207440185546875000e+01
7.000231742858886719e-01,1.588160003507255169e-08,4.212240982055664062e+01
7.000232934951782227e-01,1.594107956748302968e-08,4.217039108276367188e+01
7.000231742858886719e-01,1.584102982121748937e-08,4.221839141845703125e+01
7.000234127044677734e-01,1.593235054997421685e-08,4.226636886596679688e+01
7.000231742858886719e-01,1.587467934882624832e-08,4.231436920166015625e+01
7.000232934951782227e-01,1.588231945959250879e-08,4.236238098144531250e+01
7.000232934951782227e-01,1.593416953937776270e-08,4.241036987304687500e+01
7.000228762626647949e-01,1.582466069294241606e-08,4.245840835571289062e+01
7.000237703323364258e-01,1.593834930702087149e-08,4.250640869140625000e+01
7.000231146812438965e-01,1.585357978228785214e-08,4.255440902709960938e+01
7.000234127044677734e-01,1.587613951414823532e-08,4.260242080688476562e+01
7.000237107276916504e-01,1.592925080728946341e-08,4.265039825439453125e+01
7.000241279602050781e-01,1.582503017516501131e-08,4.269842910766601562e+01
7.000238895416259766e-01,1.594290033324341493e-08,4.274641036987304688e+01
7.000234723091125488e-01,1.586341014103709313e-08,4.279441833496093750e+01
7.000234127044677734e-01,1.587832088034701883e-08,4.284243011474609375e+01
7.000226974487304688e-01,1.593799048293931264e-08,4.289043045043945312e+01
7.000222206115722656e-01,1.582083974938086612e-08,4.293846130371093750e+01
7.000228166580200195e-01,1.592633935842968640e-08,4.298646926879882812e+01
7.000222802162170410e-01,1.586304065881449787e-08,4.303446960449218750e+01
7.000228762626647949e-01,1.589159914772153570e-08,4.308245086669921875e+01
7.000234127044677734e-01,1.591707032844169589e-08,4.313042831420898438e+01
7.000221014022827148e-01,1.581902075997732027e-08,4.317847061157226562e+01
7.000234127044677734e-01,1.593106979669300927e-08,4.322645187377929688e+01
7.000231742858886719e-01,1.586722930824180366e-08,4.327445983886718750e+01
7.000229954719543457e-01,1.586177056367432670e-08,4.332247161865234375e+01
7.000225186347961426e-01,1.593799048293931264e-08,4.337044906616210938e+01
7.000228762626647949e-01,1.581084063673188211e-08,4.341846847534179688e+01
7.000234127044677734e-01,1.592215959078657761e-08,4.346644973754882812e+01
7.000228762626647949e-01,1.586758990868020192e-08,4.351446151733398438e+01
7.000237703323364258e-01,1.586941067444058717e-08,4.356246948242187500e+01
7.000232934951782227e-01,1.591397058575694246e-08,4.361045074462890625e+01
7.000231742858886719e-01,1.581939024219991552e-08,4.365843963623046875e+01
7.000232934951782227e-01,1.593726040027831914e-08,4.370642089843750000e+01
7.000225782394409180e-01,1.585577003027083265e-08,4.375442886352539062e+01
7.000228166580200195e-01,1.588214004755172937e-08,4.380244827270507812e+01
7.000225186347961426e-01,1.592762011171089398e-08,4.385044860839843750e+01
7.000231742858886719e-01,1.581265962613542797e-08,4.389847183227539062e+01
7.000235915184020996e-01,1.593362064511438803e-08,4.394644165039062500e+01
7.000222206115722656e-01,1.586903941586115252e-08,4.399444961547851562e+01
7.000231146812438965e-01,1.586941067444058717e-08,4.404243850708007812e+01
7.000231146812438965e-01,1.592379916814934404e-08,4.409043884277343750e+01
7.000222802162170410e-01,1.582738917704773485e-08,4.413845062255859375e+01
7.000226974487304688e-01,1.593799048293931264e-08,4.418643188476562500e+01
7.000228762626647949e-01,1.585631004275001033e-08,4.423443984985351562e+01
7.000228762626647949e-01,1.587523001944646239e-08,4.428245162963867188e+01
7.000228762626647949e-01,1.592762011171089398e-08,4.433044815063476562e+01
7.000231742858886719e-01,1.581084063673188211e-08,4.437845993041992188e+01
7.000225782394409180e-01,1.593780041275749682e-08,4.442644119262695312e+01
7.000234723091125488e-01,1.585867970277377026e-08,4.447444152832031250e+01
7.000256776809692383e-01,1.587523001944646239e-08,4.452241897583007812e+01
7.000231146812438965e-01,1.593597964699711156e-08,4.457041931152343750e+01
7.000234723091125488e-01,1.581284081453304680e-08,4.461843109130859375e+01
7.000234723091125488e-01,1.593397946919594688e-08,4.466640853881835938e+01
7.000235915184020996e-01,1.585686071337022440e-08,4.471443939208984375e+01
7.000231146812438965e-01,1.586012920995472086e-08,4.476242828369140625e+01
7.000231742858886719e-01,1.592598053434812755e-08,4.481042861938476562e+01
7.000231146812438965e-01,1.581429032171399740e-08,4.485844039916992188e+01
7.000231146812438965e-01,1.593726040027831914e-08,4.490642929077148438e+01
7.000234723091125488e-01,1.585430986494884564e-08,4.495444107055664062e+01
7.000256776809692383e-01,1.587650011458663357e-08,4.500241851806640625e+01
7.000232934951782227e-01,1.591888931784524175e-08,4.505041885375976562e+01
7.000228762626647949e-01,1.579664932194191351e-08,4.509843063354492188e+01
7.000226974487304688e-01,1.593980059055866150e-08,4.514643859863281250e+01
7.000228762626647949e-01,1.585394926451044739e-08,4.519445037841796875e+01
7.000231146812438965e-01,1.585376985246966797e-08,4.524243927001953125e+01
7.000232934951782227e-01,1.593834930702087149e-08,4.529040908813476562e+01
7.000228166580200195e-01,1.580029085346268403e-08,4.533842849731445312e+01
7.000229954719543457e-01,1.593362064511438803e-08,4.538640975952148438e+01
7.000228762626647949e-01,1.585759079603121791e-08,4.543444061279296875e+01
7.000235915184020996e-01,1.586886000382037309e-08,4.548242187500000000e+01
7.000234723091125488e-01,1.591270049061677128e-08,4.553041839599609375e+01
7.000226974487304688e-01,1.582029973690168845e-08,4.557841110229492188e+01
7.000231146812438965e-01,1.592198017874579818e-08,4.562638854980468750e+01
7.000228166580200195e-01,1.585777020807199733e-08,4.567440032958984375e+01
7.000237703323364258e-01,1.586741049663942249e-08,4.572238922119140625e+01
7.000228762626647949e-01,1.591578957516048831e-08,4.577037811279296875e+01
7.000231146812438965e-01,1.580901987097149686e-08,4.581838989257812500e+01
7.000231742858886719e-01,1.592852960641266691e-08,4.586637115478515625e+01
7.000234723091125488e-01,1.584522024700163456e-08,4.591439056396484375e+01
7.000226974487304688e-01,1.586431963573886605e-08,4.596237945556640625e+01
7.000226974487304688e-01,1.592307086184518994e-08,4.601037979125976562e+01
7.000228166580200195e-01,1.581719999421693501e-08,4.605839157104492188e+01
7.000228166580200195e-01,1.591998000094463350e-08,4.610636138916015625e+01
7.000222802162170410e-01,1.584849051994297042e-08,4.615436935424804688e+01
7.000228166580200195e-01,1.585740072584940208e-08,4.620235061645507812e+01
7.000226974487304688e-01,1.591143039547660010e-08,4.625035095214843750e+01
7.000234127044677734e-01,1.580465003314657224e-08,4.629835128784179688e+01
7.000225186347961426e-01,1.592652942861150223e-08,4.634632110595703125e+01
7.000234127044677734e-01,1.584940001464474335e-08,4.639434814453125000e+01
7.000234723091125488e-01,1.584684916622336459e-08,4.644232940673828125e+01
7.000216841697692871e-01,1.591834042358186707e-08,4.649032974243164062e+01
7.000216841697692871e-01,1.580337993800640106e-08,4.653834152221679688e+01
7.000231742858886719e-01,1.592215959078657761e-08,4.658631134033203125e+01
7.000237107276916504e-01,1.584630915374418691e-08,4.663431167602539062e+01
7.000219821929931641e-01,1.585286035776789504e-08,4.668230056762695312e+01
7.000225186347961426e-01,1.592034060138303175e-08,4.673028945922851562e+01
7.000226974487304688e-01,1.579883068814069702e-08,4.677827835083007812e+01
7.000223994255065918e-01,1.590760945191505016e-08,4.682625961303710938e+01
7.000232934951782227e-01,1.583211961531105771e-08,4.687425994873046875e+01
7.000219821929931641e-01,1.584757924888435809e-08,4.692224884033203125e+01
7.000222206115722656e-01,1.590633047499068198e-08,4.697024917602539062e+01
7.000247240066528320e-01,1.580010966506506520e-08,4.701824951171875000e+01
7.000228762626647949e-01,1.589942044688541500e-08,4.706623077392578125e+01
7.000225782394409180e-01,1.584175990387848287e-08,4.711423110961914062e+01
7.000234723091125488e-01,1.584322006920046988e-08,4.716222000122070312e+01
7.000234723091125488e-01,1.589688025660507265e-08,4.721020889282226562e+01
7.000231146812438965e-01,1.581028996611166804e-08,4.725820159912109375e+01
7.000234127044677734e-01,1.590233011938835261e-08,4.730617141723632812e+01
7.000234723091125488e-01,1.584322006920046988e-08,4.735414886474609375e+01
7.000234127044677734e-01,1.584866993198374985e-08,4.740213012695312500e+01
7.000237703323364258e-01,1.589815035174524382e-08,4.745013046264648438e+01
7.000256776809692383e-01,1.581265962613542797e-08,4.749811935424804688e+01
7.000234723091125488e-01,1.591324938488014595e-08,4.754610824584960938e+01
7.000234127044677734e-01,1.583629938295416650e-08,4.759408950805664062e+01
7.000231742858886719e-01,1.585448927698962507e-08,4.764207077026367188e+01
7.000231146812438965e-01,1.591305931469833013e-08,4.769004058837890625e+01
7.000237107276916504e-01,1.581192954347443447e-08,4.773802947998046875e+01
7.000234127044677734e-01,1.590069942380978318e-08,4.778602981567382812e+01
7.000232934951782227e-01,1.584957942668552278e-08,4.783403015136718750e+01
7.000231742858886719e-01,1.585848963259195443e-08,4.788201141357421875e+01
7.000232934951782227e-01,1.589905984644701675e-08,4.793003082275390625e+01
7.000238895416259766e-01,1.581192954347443447e-08,4.797801971435546875e+01
7.000241279602050781e-01,1.590487919145289197e-08,4.802600860595703125e+01
7.000231742858886719e-01,1.583902964341632469e-08,4.807402038574218750e+01
7.000234723091125488e-01,1.586194997571510612e-08,4.812200164794921875e+01
7.000231742858886719e-01,1.589359932552270038e-08,4.816999816894531250e+01
7.000234723091125488e-01,1.581592989907676383e-08,4.821799087524414062e+01
7.000238895416259766e-01,1.590943021767543542e-08,4.826597976684570312e+01
7.000231742858886719e-01,1.584158049183770345e-08,4.831396102905273438e+01
7.000234723091125488e-01,1.584940001464474335e-08,4.836193847656250000e+01
7.000231146812438965e-01,1.589869924600861850e-08,4.840993881225585938e+01
7.000237703323364258e-01,1.581483921597737208e-08,4.845793151855468750e+01
7.000229954719543457e-01,1.589869924600861850e-08,4.850592041015625000e+01
7.000234723091125488e-01,1.584175990387848287e-08,4.855390167236328125e+01
7.000234127044677734e-01,1.585394926451044739e-08,4.860187911987304688e+01
7.000234723091125488e-01,1.588851006317781867e-08,4.864989089965820312e+01
7.000238895416259766e-01,1.580047026550346345e-08,4.869787979125976562e+01
7.000237107276916504e-01,1.588650988537665398e-08,4.874588012695312500e+01
7.000237703323364258e-01,1.584302999901865405e-08,4.879386138916015625e+01
7.000231742858886719e-01,1.582339059780224488e-08,4.884186172485351562e+01
7.000235915184020996e-01,1.589451059658131271e-08,4.888985824584960938e+01
7.000244259834289551e-01,1.580320052596562164e-08,4.893783950805664062e+01
7.000234723091125488e-01,1.587449993678546889e-08,4.898583984375000000e+01
7.000234127044677734e-01,1.584922060260396393e-08,4.903382110595703125e+01
7.000244259834289551e-01,1.582503017516501131e-08,4.908179855346679688e+01
7.000243067741394043e-01,1.587940978708957118e-08,4.912979888916015625e+01
7.000235915184020996e-01,1.580428943270817399e-08,4.917778015136718750e+01
7.000241875648498535e-01,1.587449993678546889e-08,4.922578048706054688e+01
7.000244259834289551e-01,1.583429920515300182e-08,4.927376174926757812e+01
7.000244855880737305e-01,1.582684916456855717e-08,4.932173919677734375e+01
7.000241279602050781e-01,1.588450970757548930e-08,4.936970901489257812e+01
7.000241279602050781e-01,1.581610931111754326e-08,4.941770172119140625e+01
7.000234127044677734e-01,1.586504083661566256e-08,4.946569824218750000e+01
7.000241875648498535e-01,1.585831022055117501e-08,4.951369094848632812e+01
7.000247240066528320e-01,1.581848074749814259e-08,4.956167984008789062e+01
7.000238895416259766e-01,1.588377962491449580e-08,4.960969161987304688e+01
7.000247240066528320e-01,1.583338971045122889e-08,4.965768051147460938e+01
7.000244259834289551e-01,1.587032016914236010e-08,4.970568847656250000e+01
7.000243067741394043e-01,1.584684916622336459e-08,4.975366973876953125e+01
7.000237107276916504e-01,1.582393061028142256e-08,4.980165863037109375e+01
7.000237703323364258e-01,1.588323073065112112e-08,4.984965133666992188e+01
7.000241279602050781e-01,1.582174924408263905e-08,4.989764022827148438e+01
7.000250816345214844e-01,1.587141085224175185e-08,4.994564819335937500e+01
7.000244855880737305e-01,1.585559061823005322e-08,4.999364089965820312e+01
7.000246047973632812e-01,1.582484010498319549e-08,5.004162979125976562e+01
7.000244855880737305e-01,1.589159914772153570e-08,5.008961105346679688e+01
7.000238895416259766e-01,1.581848074749814259e-08,5.013759994506835938e+01
7.000252008438110352e-01,1.586067988057493494e-08,5.018560028076171875e+01
7.000241875648498535e-01,1.585867970277377026e-08,5.023358917236328125e+01
7.000240087509155273e-01,1.582283992718203081e-08,5.028158187866210938e+01
7.000238895416259766e-01,1.588777998051682516e-08,5.032955932617187500e+01
7.000241875648498535e-01,1.582484010498319549e-08,5.037754058837890625e+01
7.000237703323364258e-01,1.586012920995472086e-08,5.042552185058593750e+01
7.000253200531005859e-01,1.585631004275001033e-08,5.047349166870117188e+01
7.000262737274169922e-01,1.580665021094773692e-08,5.052148056030273438e+01
7.000247240066528320e-01,1.590814946439422783e-08,5.056946182250976562e+01
7.000246047973632812e-01,1.580593078642777982e-08,5.061745071411132812e+01
7.000235915184020996e-01,1.585467934717144090e-08,5.066545867919921875e+01
7.000241279602050781e-01,1.585448927698962507e-08,5.071343994140625000e+01
7.000237107276916504e-01,1.579100938897681772e-08,5.076142120361328125e+01
7.000237107276916504e-01,1.588541920227726223e-08,5.080942153930664062e+01
7.000241875648498535e-01,1.581356912083720090e-08,5.085741043090820312e+01
7.000238895416259766e-01,1.585794962011277676e-08,5.090541076660156250e+01
7.000240087509155273e-01,1.583939912563891994e-08,5.095339965820312500e+01
7.000235915184020996e-01,1.580811037626972393e-08,5.100138854980468750e+01
7.000237703323364258e-01,1.589251041878014803e-08,5.104938888549804688e+01
7.000237703323364258e-01,1.580137976020523638e-08,5.109737014770507812e+01
7.000237107276916504e-01,1.585577003027083265e-08,5.114537811279296875e+01
7.000237107276916504e-01,1.586776932072098134e-08,5.119335937500000000e+01
7.000247836112976074e-01,1.578755082221050543e-08,5.124134063720703125e+01
7.000244855880737305e-01,1.589724085704347090e-08,5.128936004638671875e+01
7.000247240066528320e-01,1.580574071624596399e-08,5.133734130859375000e+01
7.000235915184020996e-01,1.585067010978491453e-08,5.138534927368164062e+01
7.000234723091125488e-01,1.587578069006667647e-08,5.143331909179687500e+01
7.000250816345214844e-01,1.579956077080169052e-08,5.148131179809570312e+01
7.000241875648498535e-01,1.588450970757548930e-08,5.152930831909179688e+01
7.000238895416259766e-01,1.583030062590751186e-08,5.157728958129882812e+01
7.000244855880737305e-01,1.584940001464474335e-08,5.162527084350585938e+01
7.000247836112976074e-01,1.586631981354003074e-08,5.167324829101562500e+01
7.000244855880737305e-01,1.579210007207620947e-08,5.172124099731445312e+01
7.000241875648498535e-01,1.589469000862209214e-08,5.176922988891601562e+01
7.000243067741394043e-01,1.581465980393659265e-08,5.181721878051757812e+01
7.000246047973632812e-01,1.584558084744003281e-08,5.186520004272460938e+01
7.000247240066528320e-01,1.588231945959250879e-08,5.191318130493164062e+01
7.000250220298767090e-01,1.579991959488324937e-08,5.196118927001953125e+01
7.000244259834289551e-01,1.589559950332386506e-08,5.200915908813476562e+01
7.000247836112976074e-01,1.582793984766794892e-08,5.205715179443359375e+01
7.000244855880737305e-01,1.582174924408263905e-08,5.210512924194335938e+01
7.000247240066528320e-01,1.584175990387848287e-08,5.215311050415039062e+01
7.000246047973632812e-01,1.579537922680174233e-08,5.220111846923828125e+01
7.000247836112976074e-01,1.588941955787959159e-08,5.224909973144531250e+01
7.000241875648498535e-01,1.580264985534540756e-08,5.229708862304687500e+01
7.000247836112976074e-01,1.582339059780224488e-08,5.234508895874023438e+01
7.000244259834289551e-01,1.587195974650512653e-08,5.239307022094726562e+01
7.000247240066528320e-01,1.578101027632783371e-08,5.244107818603515625e+01
7.000257968902587891e-01,1.586922948604296835e-08,5.248905181884765625e+01
7.000247836112976074e-01,1.578827912851465953e-08,5.253704071044921875e+01
7.000247836112976074e-01,1.585230968714768096e-08,5.258504104614257812e+01
7.000250816345214844e-01,1.585577003027083265e-08,5.263301849365234375e+01
7.000247836112976074e-01,1.577154939980118797e-08,5.268101882934570312e+01
7.000244855880737305e-01,1.586903941586115252e-08,5.272900009155273438e+01
7.000247240066528320e-01,1.581939024219991552e-08,5.277698135375976562e+01
7.000241875648498535e-01,1.584412956390224281e-08,5.282495880126953125e+01
7.000241875648498535e-01,1.585721953745178325e-08,5.287295150756835938e+01
7.000243067741394043e-01,1.575918062712844403e-08,5.292094039916992188e+01
7.000247240066528320e-01,1.588833065113703924e-08,5.296891021728515625e+01
7.000268101692199707e-01,1.584266939858025580e-08,5.301689147949218750e+01
7.000249028205871582e-01,1.582412068046323839e-08,5.306489944458007812e+01
7.000252008438110352e-01,1.587086018162153778e-08,5.311286926269531250e+01
7.000249028205871582e-01,1.577645925010529027e-08,5.316086959838867188e+01
7.000241279602050781e-01,1.590050935362796736e-08,5.320885848999023438e+01
7.000247240066528320e-01,1.582612085826440307e-08,5.325685119628906250e+01
7.000241279602050781e-01,1.581302022657382622e-08,5.330484008789062500e+01
7.000244855880737305e-01,1.587650011458663357e-08,5.335282897949218750e+01
7.000243067741394043e-01,1.580520070376678632e-08,5.340082168579101562e+01
7.000247240066528320e-01,1.587632070254585415e-08,5.344881057739257812e+01
7.000244855880737305e-01,1.581338082701222447e-08,5.349679946899414062e+01
7.000253796577453613e-01,1.582357000984302431e-08,5.354478836059570312e+01
7.000238895416259766e-01,1.588777998051682516e-08,5.359278106689453125e+01
7.000250220298767090e-01,1.576973041039764212e-08,5.364080047607421875e+01
7.000244259834289551e-01,1.586814057930041599e-08,5.368880081176757812e+01
7.000244259834289551e-01,1.580120034816445695e-08,5.373680877685546875e+01
7.000244259834289551e-01,1.583939912563891994e-08,5.378480148315429688e+01
7.000244855880737305e-01,1.587467934882624832e-08,5.383279037475585938e+01
7.000250220298767090e-01,1.576009012183021696e-08,5.388080978393554688e+01
7.000234723091125488e-01,1.585140019244590803e-08,5.392879104614257812e+01
7.000241875648498535e-01,1.581483921597737208e-08,5.397682189941406250e+01
7.000229954719543457e-01,1.581319963861460565e-08,5.402482986450195312e+01
7.000241279602050781e-01,1.585503994760983915e-08,5.407281875610351562e+01
7.000247240066528320e-01,1.576482056009353983e-08,5.412083816528320312e+01
7.000238895416259766e-01,1.586903941586115252e-08,5.416881942749023438e+01
7.000244855880737305e-01,1.581410913331637857e-08,5.421683120727539062e+01
7.000247240066528320e-01,1.581975084263831377e-08,5.426482009887695312e+01
7.000244855880737305e-01,1.587105025180335360e-08,5.431280136108398438e+01
7.000237703323364258e-01,1.575753927340883820e-08,5.436080169677734375e+01
7.000244855880737305e-01,1.585594944231161207e-08,5.440879058837890625e+01
7.000237107276916504e-01,1.580393060862661514e-08,5.445679855346679688e+01
7.000234723091125488e-01,1.581702058217615559e-08,5.450479125976562500e+01
7.000244855880737305e-01,1.585759079603121791e-08,5.455276870727539062e+01
7.000241875648498535e-01,1.575953945121000288e-08,5.460078811645507812e+01
7.000241875648498535e-01,1.585994979791394144e-08,5.464876937866210938e+01
7.000244259834289551e-01,1.579883068814069702e-08,5.469676971435546875e+01
7.000234723091125488e-01,1.581537922845654975e-08,5.474475097656250000e+01
7.000237703323364258e-01,1.586522913044063898e-08,5.479272842407226562e+01
7.000231146812438965e-01,1.576336039477155282e-08,5.484072875976562500e+01
7.000241279602050781e-01,1.588104936445233761e-08,5.488869857788085938e+01
7.000241279602050781e-01,1.580574071624596399e-08,5.493669128417968750e+01
7.000259160995483398e-01,1.582593966986678424e-08,5.498466873168945312e+01
7.000250220298767090e-01,1.587249975898430421e-08,5.503264999389648438e+01
7.000241875648498535e-01,1.575245001106395648e-08,5.508063888549804688e+01
7.000244259834289551e-01,1.588722930989661108e-08,5.512860870361328125e+01
7.000247240066528320e-01,1.581102004877266154e-08,5.517660140991210938e+01
7.000252008438110352e-01,1.581229014391283272e-08,5.522459030151367188e+01
7.000244855880737305e-01,1.586795050911860017e-08,5.527256011962890625e+01
7.000238895416259766e-01,1.577063990509941505e-08,5.532054901123046875e+01
7.000244259834289551e-01,1.587449993678546889e-08,5.536853027343750000e+01
7.000241875648498535e-01,1.580083086594186170e-08,5.541651916503906250e+01
7.000241875648498535e-01,1.581138064921105979e-08,5.546450042724609375e+01
7.000268101692199707e-01,1.587413933634707064e-08,5.551250076293945312e+01
7.000247240066528320e-01,1.576372987699414807e-08,5.556048965454101562e+01
7.000241279602050781e-01,1.586886000382037309e-08,5.560845947265625000e+01
7.000241279602050781e-01,1.579956077080169052e-08,5.565647125244140625e+01
7.000237703323364258e-01,1.579991959488324937e-08,5.570444869995117188e+01
7.000243067741394043e-01,1.586468023617726431e-08,5.575242996215820312e+01
7.000247240066528320e-01,1.577427966026334616e-08,5.580041885375976562e+01
7.000240087509155273e-01,1.587141085224175185e-08,5.584841156005859375e+01
7.000243067741394043e-01,1.579119057737443654e-08,5.589638900756835938e+01
7.000241875648498535e-01,1.580447062110579282e-08,5.594438171386718750e+01
7.000250220298767090e-01,1.584285058697787463e-08,5.599235916137695312e+01
7.000243067741394043e-01,1.574771957280063361e-08,5.604035949707031250e+01
7.000237703323364258e-01,1.587086018162153778e-08,5.608834075927734375e+01
7.000247240066528320e-01,1.578736963381288660e-08,5.613634109497070312e+01
7.000244855880737305e-01,1.581246955595361214e-08,5.618432998657226562e+01
7.000247240066528320e-01,1.587086018162153778e-08,5.623231124877929688e+01
7.000241875648498535e-01,1.577737052116390259e-08,5.628030014038085938e+01
7.000241875648498535e-01,1.586722930824180366e-08,5.632828140258789062e+01
7.000238895416259766e-01,1.579246955429880472e-08,5.637628173828125000e+01
7.000241279602050781e-01,1.577955011100584670e-08,5.642425918579101562e+01
7.000244855880737305e-01,1.584884934402452927e-08,5.647224044799804688e+01
7.000234127044677734e-01,1.577354957760235266e-08,5.652022933959960938e+01
7.000240087509155273e-01,1.586485964821804373e-08,5.656821823120117188e+01
7.000234723091125488e-01,1.580665021094773692e-08,5.661619949340820312e+01
7.000244855880737305e-01,1.582920994280812010e-08,5.666418838500976562e+01
7.000237703323364258e-01,1.587086018162153778e-08,5.671215820312500000e+01
7.000232934951782227e-01,1.575918062712844403e-08,5.676015853881835938e+01
7.000238895416259766e-01,1.585013009730573685e-08,5.680813980102539062e+01
7.000241279602050781e-01,1.580210984286622988e-08,5.685612106323242188e+01
7.000234127044677734e-01,1.578191977102960664e-08,5.690410995483398438e+01
7.000238895416259766e-01,1.584085040917670995e-08,5.695209121704101562e+01
7.000232934951782227e-01,1.577918951056744845e-08,5.700008010864257812e+01
7.000228166580200195e-01,1.584158049183770345e-08,5.704806137084960938e+01
7.000237107276916504e-01,1.580574071624596399e-08,5.709605026245117188e+01
7.000247836112976074e-01,1.578191977102960664e-08,5.714405059814453125e+01
7.000234723091125488e-01,1.583685005357438058e-08,5.719203948974609375e+01
7.000237703323364258e-01,1.576573005479531275e-08,5.724003982543945312e+01
7.000238895416259766e-01,1.582047914894246787e-08,5.728804016113281250e+01
7.000241875648498535e-01,1.579300956677798240e-08,5.733602905273437500e+01
7.000238895416259766e-01,1.577610042602373142e-08,5.738402938842773438e+01
7.000237703323364258e-01,1.585667952497260558e-08,5.743204116821289062e+01
7.000234127044677734e-01,1.577518915496511909e-08,5.748004150390625000e+01
7.000237107276916504e-01,1.584248998653947638e-08,5.752801895141601562e+01
7.000237703323364258e-01,1.580083086594186170e-08,5.757601928710937500e+01
7.000237107276916504e-01,1.579446973209996941e-08,5.762401962280273438e+01
7.000231146812438965e-01,1.582793984766794892e-08,5.767200851440429688e+01
7.000237107276916504e-01,1.576700014993548393e-08,5.772000885009765625e+01
7.000234723091125488e-01,1.582738917704773485e-08,5.776800155639648438e+01
7.000240087509155273e-01,1.580992936567326979e-08,5.781600189208984375e+01
7.000241279602050781e-01,1.578609953867271543e-08,5.786400985717773438e+01
7.000237703323364258e-01,1.585376985246966797e-08,5.791199874877929688e+01
7.000241875648498535e-01,1.578882979913487361e-08,5.795999145507812500e+01
7.000256776809692383e-01,1.585921971525294794e-08,5.800799942016601562e+01
7.000238895416259766e-01,1.581483921597737208e-08,5.805598831176757812e+01
7.000244259834289551e-01,1.576790964463725686e-08,5.810398864746093750e+01
7.000237107276916504e-01,1.582430009250401781e-08,5.815198898315429688e+01
7.000241875648498535e-01,1.578336927821055724e-08,5.819998168945312500e+01
7.000234127044677734e-01,1.582793984766794892e-08,5.824797821044921875e+01
7.000241875648498535e-01,1.582083974938086612e-08,5.829597091674804688e+01
7.000240087509155273e-01,1.579065056489525887e-08,5.834395980834960938e+01
7.000234723091125488e-01,1.585704012541100383e-08,5.839194869995117188e+01
7.000241279602050781e-01,1.579483033253836766e-08,5.843994140625000000e+01
7.000241279602050781e-01,1.582301933922281023e-08,5.848794174194335938e+01
7.000241875648498535e-01,1.579683051033953234e-08,5.853593826293945312e+01
7.000247240066528320e-01,1.575445018886512116e-08,5.858395004272460938e+01
7.000247240066528320e-01,1.585157960448668746e-08,5.863193893432617188e+01
7.000237703323364258e-01,1.577737052116390259e-08,5.867993927001953125e+01
7.000241279602050781e-01,1.583594055887260765e-08,5.872793960571289062e+01
7.000244259834289551e-01,1.582520958720579074e-08,5.877592086791992188e+01
7.000238895416259766e-01,1.577063990509941505e-08,5.882390975952148438e+01
7.000231146812438965e-01,1.584940001464474335e-08,5.887192153930664062e+01
7.000241279602050781e-01,1.577173058819880680e-08,5.891991043090820312e+01
7.000221014022827148e-01,1.577154939980118797e-08,5.896789932250976562e+01
7.000225782394409180e-01,1.580828978831050335e-08,5.901588058471679688e+01
7.000241279602050781e-01,1.576773023259647744e-08,5.906386947631835938e+01
7.000244855880737305e-01,1.583594055887260765e-08,5.911185073852539062e+01
7.000232934951782227e-01,1.575972063960762171e-08,5.915983963012695312e+01
7.000234127044677734e-01,1.583157072104768304e-08,5.920785140991210938e+01
7.000237703323364258e-01,1.582847986014712660e-08,5.925582885742187500e+01
7.000234723091125488e-01,1.575462960090590059e-08,5.930382156372070312e+01
7.000244855880737305e-01,1.583829956075533119e-08,5.935179138183593750e+01
7.000238895416259766e-01,1.575208052884136123e-08,5.939978027343750000e+01
7.000241279602050781e-01,1.580647079890695750e-08,5.944779968261718750e+01
7.000232934951782227e-01,1.582938935484889953e-08,5.949578094482421875e+01
7.000238895416259766e-01,1.576409047743254632e-08,5.954378128051757812e+01
7.000231742858886719e-01,1.586377074147549138e-08,5.959175109863281250e+01
7.000231742858886719e-01,1.579283015473720297e-08,5.963975143432617188e+01
7.000225782394409180e-01,1.581739006439875084e-08,5.968772888183593750e+01
7.000231742858886719e-01,1.581829955910052377e-08,5.973571014404296875e+01
7.000234723091125488e-01,1.573170926860711916e-08,5.978371047973632812e+01
7.000234127044677734e-01,1.584431075229986163e-08,5.983169174194335938e+01
7.000228762626647949e-01,1.578555064440934075e-08,5.987968063354492188e+01
7.000231742858886719e-01,1.581575048703598441e-08,5.992766952514648438e+01
7.000228166580200195e-01,1.583921083181394351e-08,5.997565078735351562e+01
